3EKZL9T8Y8MSBXG6XZZRPUBJOTCHC1|A1Z4N3YCR37HME|32Q90QCQ1SL1W5ZLPDDKHUMXJVBEKG|2016-02-18T17:46:31Z|2016-02-18T17:47:15Z|401|0|402|0|403|1|404|1|405|0|406|0|407|0|408|1|409|0|410|0
3EKZL9T8Y8MSBXG6XZZRPUBJOTCHC1|A3CH9HIJYYV83B|3PH3VY7DJLXQ20KYAEA0QFHAUABWZM|2016-02-18T19:45:47Z|2016-02-18T19:46:31Z|401|0|402|0|403|0|404|1|405|0|406|0|407|0|408|0|409|0|410|0
3EKZL9T8Y8MSBXG6XZZRPUBJOTCHC1|A1MYX54GBKZ8KW|3DHE4R9OCWB4Z3RM62X4H1LFFISG2F|2016-02-19T01:23:38Z|2016-02-19T01:24:16Z|401|0|402|0|403|1|404|1|405|0|406|0|407|0|408|1|409|0|410|0
3BFF0DJK8XCYNNWXUF6GIIIPLQTTSH|A3CH9HIJYYV83B|3UXUOQ9OKEXABDBPQEMPH6RKSYX7AW|2016-02-18T19:47:40Z|2016-02-18T19:48:15Z|411|0|412|1|413|0|414|0|415|1|416|0|417|0|418|0|419|1|420|1
3BFF0DJK8XCYNNWXUF6GIIIPLQTTSH|A3AO2N7BNFDGF3|3IJXV6UZ1XJZZEE2BGC83L636L0IRK|2016-02-18T23:15:46Z|2016-02-18T23:16:30Z|411|0|412|1|413|0|414|0|415|0|416|0|417|0|418|0|419|1|420|1
3BFF0DJK8XCYNNWXUF6GIIIPLQTTSH|AMKWR51EXOPA4|3A1PQ49WVHHBAE4174F8XINB2A71HU|2016-02-18T23:44:53Z|2016-02-18T23:45:27Z|411|0|412|0|413|0|414|0|415|0|416|0|417|1|418|1|419|1|420|1
3EAWOID6MTXDZ6GAQ8NB9U0RNJQ0VH|A1Z4N3YCR37HME|3X3OR7WPZZ0V7A7CXA3L4K3QXSN8LJ|2016-02-18T17:58:08Z|2016-02-18T17:59:04Z|421|0|422|0|423|1|424|1|425|0|426|1|427|0|428|0|429|0|430|1
3EAWOID6MTXDZ6GAQ8NB9U0RNJQ0VH|A3CH9HIJYYV83B|3IAS3U3I0FG88MJBQG5QGQUIZ0U2B4|2016-02-18T19:44:14Z|2016-02-18T19:45:08Z|421|0|422|0|423|0|424|1|425|0|426|1|427|0|428|0|429|0|430|1
3EAWOID6MTXDZ6GAQ8NB9U0RNJQ0VH|A3AO2N7BNFDGF3|3KWTYT08703CKSOAZCWIS0TZV73L5L|2016-02-18T23:13:28Z|2016-02-18T23:14:25Z|421|0|422|0|423|0|424|1|425|0|426|0|427|0|428|0|429|1|430|1
3IWA71V4TIG0H67KSC4A6G73GXK6XR|A3CH9HIJYYV83B|323Q6SJS8IG20TY9E3UTMKR53H8FHL|2016-02-18T19:52:26Z|2016-02-18T19:53:00Z|431|0|432|0|433|1|434|0|435|0|436|0|437|0|438|0|439|1|440|1
3IWA71V4TIG0H67KSC4A6G73GXK6XR|A3AO2N7BNFDGF3|3DUZQ9U6SMOGMZYFPCBW8K1T0RYSV2|2016-02-19T02:00:25Z|2016-02-19T02:00:56Z|431|0|432|0|433|0|434|1|435|0|436|0|437|0|438|1|439|1|440|1
3E9VAUV7BWEQ4D9XNL7O5ZGYEM3YAE|A1Z4N3YCR37HME|3QJOXOW4XJRWMTZOAPQ0W7E180BEMQ|2016-02-18T17:59:04Z|2016-02-18T17:59:51Z|441|0|442|1|443|1|444|0|445|0|446|0|447|0|448|1|449|0|450|0
3E9VAUV7BWEQ4D9XNL7O5ZGYEM3YAE|A3CH9HIJYYV83B|326O153BMIYTIZTBXWRXDHR7ZO0DES|2016-02-18T19:53:00Z|2016-02-18T19:53:35Z|441|0|442|0|443|1|444|0|445|0|446|1|447|1|448|1|449|0|450|1
3E9VAUV7BWEQ4D9XNL7O5ZGYEM3YAE|A1MYX54GBKZ8KW|3TS1AR6UQQE574SX1U8HV72BPJEF7V|2016-02-19T01:22:52Z|2016-02-19T01:23:37Z|441|0|442|0|443|1|444|0|445|1|446|1|447|0|448|1|449|0|450|1
3E9VAUV7BWEQ4D9XNL7O5ZGYEM3YAE|A3AO2N7BNFDGF3|3X1FV8S5JXRDWUPOUCHFJ6IQCGYGV0|2016-02-19T01:46:33Z|2016-02-19T01:47:11Z|441|0|442|0|443|1|444|0|445|0|446|0|447|0|448|1|449|0|450|0
3XBYQ44Z6P4RU4D6EKGHF7LAR3PTWW|A3E99RF0VMUEAW|3NPI0JQDAO54WFEYS07NCX8XGFUPT8|2016-02-18T17:22:08Z|2016-02-18T17:23:06Z|451|0|452|0|453|0|454|0|455|0|456|1|457|0|458|0|459|0|460|0
3XBYQ44Z6P4RU4D6EKGHF7LAR3PTWW|A2F9PTKROLEA1P|3U088ZLJVKTT0FE86KX8KGEOC3OW0Q|2016-02-18T19:36:43Z|2016-02-18T19:37:26Z|451|0|452|1|453|0|454|1|455|1|456|1|457|0|458|0|459|0|460|0
3XBYQ44Z6P4RU4D6EKGHF7LAR3PTWW|A3CH9HIJYYV83B|3HHRAGRYX853R0TJFUPRWX2VC5PO9O|2016-02-18T19:49:58Z|2016-02-18T19:50:22Z|451|0|452|1|453|0|454|0|455|0|456|1|457|0|458|0|459|0|460|0
3XBYQ44Z6P4RU4D6EKGHF7LAR3PTWW|A3AO2N7BNFDGF3|3HHRAGRYX853R0TJFUPRWX2VC8S9OI|2016-02-18T23:15:10Z|2016-02-18T23:15:45Z|451|0|452|1|453|0|454|1|455|0|456|1|457|0|458|0|459|0|460|0
36KM3FWE3RCBOGFE8AKV3GKO11J70W|A1Z4N3YCR37HME|3018Q3ZVOIQKTWV4ZSKVMNIKT88ARB|2016-02-18T17:48:54Z|2016-02-18T17:49:49Z|461|0|462|1|463|0|464|1|465|1|466|1|467|0|468|0|469|0|470|1
36KM3FWE3RCBOGFE8AKV3GKO11J70W|AMKWR51EXOPA4|33C7UALJVLYIH33840L2K5UCZRG18E|2016-02-18T23:42:31Z|2016-02-18T23:42:51Z|461|0|462|0|463|0|464|0|465|0|466|0|467|0|468|1|469|1|470|0
37NXA7GVST6QW25WF19U7ESFQH1LVB|A1Z4N3YCR37HME|3VP0C6EFSGWS9E694772KJMOR2L6MV|2016-02-18T17:51:11Z|2016-02-18T17:53:11Z|471|1|472|0|473|0|474|1|475|0|476|0|477|1|478|1|479|1|480|1
37NXA7GVST6QW25WF19U7ESFQH1LVB|A3E99RF0VMUEAW|3L4PIM1GQTGLPET7FYYBP90RW56YRG|2016-02-19T00:34:00Z|2016-02-19T00:34:54Z|471|0|472|1|473|0|474|1|475|0|476|0|477|1|478|1|479|1|480|1
37NXA7GVST6QW25WF19U7ESFQH1LVB|A3AO2N7BNFDGF3|3VNXK88KKCIYHK2GG6B5RPW3829V9S|2016-02-19T00:51:06Z|2016-02-19T00:51:49Z|471|1|472|1|473|0|474|1|475|0|476|0|477|1|478|1|479|1|480|1
3XABXM4AJ153CNPWZD6GWM71PPMQ8Z|A2F9PTKROLEA1P|3S0TNUHWKTIC9YJKKT5XL7VLOLUD8L|2016-02-18T19:35:55Z|2016-02-18T19:36:34Z|481|0|482|0|483|0|484|1|485|1|486|0|487|0|488|0|489|0|490|1
3XABXM4AJ153CNPWZD6GWM71PPMQ8Z|A3AO2N7BNFDGF3|3N2BF7Y2VQU863QQ0QY6HABE0LSMHD|2016-02-18T23:28:10Z|2016-02-18T23:28:44Z|481|0|482|0|483|0|484|0|485|1|486|0|487|0|488|0|489|0|490|1
3XABXM4AJ153CNPWZD6GWM71PPMQ8Z|AMKWR51EXOPA4|3R0T90IZ1SCHXLJO3VMATEU1R7NCGY|2016-02-18T23:48:37Z|2016-02-18T23:49:01Z|481|0|482|0|483|0|484|0|485|0|486|0|487|0|488|0|489|0|490|0
3FTID4TN8LY70W01KCWEEDW98Y3LYK|A2F9PTKROLEA1P|3NKQQ8O39Y5A7VQXNW62HZDALCLUDH|2016-02-18T19:34:47Z|2016-02-18T19:35:46Z|491|0|492|0|493|1|494|0|495|0|496|0|497|0|498|1|499|0|500|0
3FTID4TN8LY70W01KCWEEDW98Y3LYK|A2CYQB0JESX37R|3U5NZHP4LR2ER6N3S6QYYE595P3HP2|2016-02-18T22:26:54Z|2016-02-18T22:27:32Z|491|0|492|0|493|1|494|1|495|0|496|0|497|0|498|0|499|0|500|0
3FTID4TN8LY70W01KCWEEDW98Y3LYK|A3AO2N7BNFDGF3|3XIQGXAUMC8M7QJI1OE31E2ITM97X9|2016-02-18T23:14:25Z|2016-02-18T23:15:10Z|491|0|492|0|493|1|494|0|495|1|496|0|497|0|498|1|499|0|500|0
3XEIP58NL0N75MA6GYYXSK5BES7LZB|A3E99RF0VMUEAW|378XPAWRUCD70XSL95QM8VHT6CGAIY|2016-02-18T17:27:21Z|2016-02-18T17:28:22Z|501|0|502|0|503|0|504|1|505|0|506|1|507|0|508|1|509|1|510|0
3XEIP58NL0N75MA6GYYXSK5BES7LZB|A1Z4N3YCR37HME|338JKRMM26Z742H13N818JGE6Z9HAK|2016-02-18T17:47:15Z|2016-02-18T17:48:01Z|501|0|502|0|503|0|504|1|505|0|506|0|507|0|508|1|509|1|510|0
3XEIP58NL0N75MA6GYYXSK5BES7LZB|AM10FBM4YYROA|3S3AMIZX3U5EL19X15L2NTR4EA6DCE|2016-02-18T17:57:27Z|2016-02-18T17:58:31Z|501|0|502|0|503|0|504|1|505|0|506|1|507|0|508|1|509|1|510|0
3XEIP58NL0N75MA6GYYXSK5BES7LZB|A3CH9HIJYYV83B|378XPAWRUCD70XSL95QM8VHT6E8AIU|2016-02-18T19:48:15Z|2016-02-18T19:48:48Z|501|0|502|0|503|0|504|1|505|0|506|0|507|0|508|0|509|0|510|0
3XEIP58NL0N75MA6GYYXSK5BES7LZB|A3AO2N7BNFDGF3|3L2IS5HSFAIJT7HACQK5D4P4ZJYNU9|2016-02-18T23:16:30Z|2016-02-18T23:17:04Z|501|0|502|0|503|0|504|1|505|0|506|1|507|0|508|1|509|1|510|0
3XEIP58NL0N75MA6GYYXSK5BES7LZB|AMKWR51EXOPA4|38YMOXR4MUZOEQ0N89DPTHOFP90W6N|2016-02-18T23:46:16Z|2016-02-18T23:46:40Z|501|0|502|0|503|0|504|0|505|0|506|1|507|1|508|1|509|1|510|1
3XEIP58NL0N75MA6GYYXSK5BES7LZB|A1HSNKYELR1ELE|3P529IW9KYL4MPHZ5O9RECKCK42FLP|2016-02-19T03:08:43Z|2016-02-19T03:09:10Z|501|0|502|0|503|0|504|1|505|1|506|1|507|0|508|1|509|1|510|0
3L55D8AUFAXEXS6V7Z3FBU6MEPOYCG|A3AO2N7BNFDGF3|36WLNQG78ZA032VRJ00RIR37W89BEE|2016-02-19T01:57:53Z|2016-02-19T01:58:37Z|511|1|512|0|513|0|514|0|515|0|516|1|517|0|518|0|519|1|520|0
3IV1AEQ4DRDMQ0LJ4NM7ZLVFBUVJ82|A1CDWT7K9N097|3VE8AYVF8MX97IXGBZ0N97Y60W68FJ|2016-02-18T18:10:27Z|2016-02-18T18:11:55Z|521|1|522|0|523|0|524|0|525|1|526|1|527|1|528|1|529|1|530|1
3IV1AEQ4DRDMQ0LJ4NM7ZLVFBUVJ82|A3CH9HIJYYV83B|3O6CYIULED19G1QO4RBS9N2VSSVWUW|2016-02-18T19:43:28Z|2016-02-18T19:44:14Z|521|1|522|0|523|0|524|0|525|1|526|1|527|1|528|1|529|1|530|1
3IV1AEQ4DRDMQ0LJ4NM7ZLVFBUVJ82|A3AO2N7BNFDGF3|3FIJLY1B6U4UDAWXXG2YVTTWPBLFPZ|2016-02-18T23:18:03Z|2016-02-18T23:18:55Z|521|1|522|0|523|0|524|0|525|1|526|1|527|1|528|1|529|1|530|1
3IV1AEQ4DRDMQ0LJ4NM7ZLVFBUVJ82|AMKWR51EXOPA4|33PPUNGG385LU43CBK0U3G9T2YHZRD|2016-02-18T23:42:51Z|2016-02-18T23:43:16Z|521|0|522|1|523|1|524|1|525|1|526|1|527|0|528|0|529|0|530|0
3421H3BM9AHM454T9FSLZHQQV0DJ9R|A1Z4N3YCR37HME|3OVHNO1VE61RTUK7TJ5AYRSPNSMDZ7|2016-02-18T17:45:10Z|2016-02-18T17:45:56Z|531|1|532|1|533|1|534|0|535|0|536|1|537|1|538|0|539|1|540|0
3421H3BM9AHM454T9FSLZHQQV0DJ9R|AP765Q3F8MUNN|3KWTYT08703CKSOAZCWIS0TZV4XL59|2016-02-18T19:40:50Z|2016-02-18T19:41:32Z|531|1|532|1|533|1|534|1|535|0|536|1|537|1|538|0|539|1|540|0
3421H3BM9AHM454T9FSLZHQQV0DJ9R|A3CH9HIJYYV83B|3X0H8UUIT1OT1OYKFMGSUMK77VCWSI|2016-02-18T19:47:12Z|2016-02-18T19:47:40Z|531|0|532|1|533|1|534|1|535|0|536|0|537|1|538|0|539|1|540|0
3421H3BM9AHM454T9FSLZHQQV0DJ9R|A1IHKUDBWZ9FGA|3UN61F00HWPNNQJN4WTEEC2Y1X2R5N|2016-02-18T21:24:51Z|2016-02-18T21:25:21Z|531|1|532|1|533|1|534|1|535|0|536|1|537|1|538|0|539|1|540|0
3421H3BM9AHM454T9FSLZHQQV0DJ9R|A3AO2N7BNFDGF3|3QAPZX2QN4D7OZG1S081W9YZ8Z420V|2016-02-18T23:17:34Z|2016-02-18T23:18:03Z|531|1|532|1|533|1|534|1|535|0|536|0|537|1|538|0|539|1|540|0
3421H3BM9AHM454T9FSLZHQQV0DJ9R|AMKWR51EXOPA4|3NGI5ARFTT53NV2PQHND6RP2O1H1PZ|2016-02-18T23:42:11Z|2016-02-18T23:42:30Z|531|0|532|0|533|0|534|0|535|0|536|0|537|1|538|1|539|1|540|0
3421H3BM9AHM454T9FSLZHQQV0DJ9R|A3E99RF0VMUEAW|3V26SBZTBDEUWVP3L1U7PJBSBHVZZ5|2016-02-19T01:42:14Z|2016-02-19T01:42:46Z|531|1|532|1|533|1|534|1|535|0|536|1|537|1|538|0|539|1|540|0
36D1BWBEHN115TPFR3QY5MATTOYM26|A1Z4N3YCR37HME|30X31N5D63QWUBVHEHK0CXNGFAPASX|2016-02-18T17:43:36Z|2016-02-18T17:44:19Z|541|1|542|1|543|1|544|0|545|1|546|0|547|1|548|0|549|0|550|1
36D1BWBEHN115TPFR3QY5MATTOYM26|A2F9PTKROLEA1P|3JCG6DTRV3QC4BNLB9SH7XNK164QQD|2016-02-18T19:33:46Z|2016-02-18T19:34:40Z|541|1|542|1|543|1|544|0|545|1|546|0|547|1|548|0|549|0|550|1
36D1BWBEHN115TPFR3QY5MATTOYM26|A3CH9HIJYYV83B|3F6HPJW4JD00WPHML71M347391DW2F|2016-02-18T19:46:31Z|2016-02-18T19:47:12Z|541|1|542|1|543|1|544|0|545|1|546|0|547|1|548|0|549|0|550|0
36D1BWBEHN115TPFR3QY5MATTOYM26|AMKWR51EXOPA4|3RU7GD8VPOT3HF1J302X2SCBE1UPS7|2016-02-18T23:45:55Z|2016-02-18T23:46:15Z|541|0|542|0|543|0|544|0|545|0|546|0|547|0|548|0|549|0|550|0
36D1BWBEHN115TPFR3QY5MATTOYM26|A3AO2N7BNFDGF3|38F5OAUN5NCPL0J3WKWHYSEO5WDH7D|2016-02-18T23:55:13Z|2016-02-18T23:55:50Z|541|1|542|1|543|1|544|0|545|1|546|0|547|1|548|0|549|0|550|1
35JDMRECC49T8Z599KN4UIZLU5CEGS|A1Z4N3YCR37HME|3X73LLYYQ1EEOLBQCRD6UP0E569NHB|2016-02-18T17:48:02Z|2016-02-18T17:48:54Z|551|0|552|1|553|1|554|1|555|1|556|1|557|0|558|1|559|0|560|0
35JDMRECC49T8Z599KN4UIZLU5CEGS|AMKWR51EXOPA4|39K0FND3AHFTWGICUKOE0OOANQDAM1|2016-02-18T23:45:27Z|2016-02-18T23:45:55Z|551|0|552|0|553|0|554|0|555|0|556|1|557|1|558|0|559|0|560|0
35JDMRECC49T8Z599KN4UIZLU5CEGS|A1HSNKYELR1ELE|3TOK3KHVJTIZDH5Q0XR7I1BPHLO7OU|2016-02-19T03:09:11Z|2016-02-19T03:09:47Z|551|0|552|1|553|1|554|1|555|1|556|1|557|0|558|0|559|0|560|1
3P888QFVX3U6XFCC6UVCT8X14UROQ1|A3E99RF0VMUEAW|3C8HJ7UOP7UUXOQK6C4DHHFJW6GZMD|2016-02-18T17:50:12Z|2016-02-18T17:51:05Z|561|0|562|1|563|1|564|0|565|1|566|0|567|0|568|0|569|1|570|0
3P888QFVX3U6XFCC6UVCT8X14UROQ1|A1UI059YV3XH73|3U088ZLJVKTT0FE86KX8KGEOC1JW0H|2016-02-18T18:10:47Z|2016-02-18T18:12:49Z|561|0|562|1|563|0|564|0|565|1|566|0|567|1|568|0|569|0|570|0
3P888QFVX3U6XFCC6UVCT8X14UROQ1|A3CH9HIJYYV83B|3P1L2B7AD1PYS2US4RSH16TQCZ4LOG|2016-02-18T19:45:08Z|2016-02-18T19:45:47Z|561|0|562|1|563|1|564|0|565|1|566|0|567|0|568|0|569|1|570|0
3DA79LNS59VU36BI405FAAADTAU3TZ|A1Z4N3YCR37HME|3TMFV4NEP8EBI4JB1OANDVK6VZP8WA|2016-02-18T17:54:34Z|2016-02-18T17:56:00Z|571|0|572|0|573|0|574|1|575|1|576|0|577|0|578|0|579|0|580|0
3DA79LNS59VU36BI405FAAADTAU3TZ|A3CH9HIJYYV83B|3FTOP5WARFO7UVE9ZLETVQKGA7L0J5|2016-02-18T19:48:49Z|2016-02-18T19:49:26Z|571|0|572|0|573|0|574|0|575|1|576|0|577|0|578|0|579|0|580|0
3DA79LNS59VU36BI405FAAADTAU3TZ|A2TOQ2WW2341FS|3E1QT0TDFP9TH9Z6C768C4BYGT38IP|2016-02-18T23:00:05Z|2016-02-18T23:00:51Z|571|1|572|0|573|0|574|1|575|1|576|0|577|0|578|0|579|0|580|0
3DA79LNS59VU36BI405FAAADTAU3TZ|AMKWR51EXOPA4|3K3R2QNK8B3Y45DGBG10V3UKUUY9UD|2016-02-18T23:46:40Z|2016-02-18T23:47:12Z|571|0|572|0|573|0|574|0|575|0|576|0|577|0|578|0|579|0|580|0
3DA79LNS59VU36BI405FAAADTAU3TZ|A3AO2N7BNFDGF3|3WLEIWSYHOHIZZMXQ8FM21XGUIP2HK|2016-02-19T01:59:41Z|2016-02-19T02:00:19Z|571|1|572|0|573|0|574|0|575|1|576|0|577|0|578|1|579|0|580|0
3BJKPTD2QCCMM8WKFQ6BS8DTZOARTR|A1Z4N3YCR37HME|3EFE17QCRC5B4Y3VKNUSTJAKS5ISHT|2016-02-18T17:53:12Z|2016-02-18T17:54:07Z|581|0|582|0|583|0|584|0|585|0|586|0|587|1|588|0|589|0|590|1
3BJKPTD2QCCMM8WKFQ6BS8DTZOARTR|AP765Q3F8MUNN|34Z02EIMISD18YAEBFSXXW7P899T00|2016-02-18T19:42:29Z|2016-02-18T19:43:34Z|581|0|582|0|583|0|584|1|585|0|586|0|587|0|588|0|589|0|590|1
32TZXEA1OLKECIID2VQOE9JOFRZ149|A3E99RF0VMUEAW|3DR23U6WE5E0ZOP8JMRCIL9T28TTES|2016-02-18T17:25:30Z|2016-02-18T17:26:47Z|591|1|592|0|593|0|594|0|595|1|596|1|597|1|598|1|599|0|600|1
32TZXEA1OLKECIID2VQOE9JOFRZ149|A1Z4N3YCR37HME|3TXD01ZLD4HX7Z74UL59EVJ48XGU4O|2016-02-18T17:49:49Z|2016-02-18T17:51:11Z|591|0|592|0|593|0|594|0|595|1|596|1|597|1|598|1|599|0|600|1
32TZXEA1OLKECIID2VQOE9JOFRZ149|A3CH9HIJYYV83B|3LJ7UR74RHDKC9NVXKTN00RA0334NQ|2016-02-18T19:41:30Z|2016-02-18T19:42:47Z|591|0|592|0|593|0|594|1|595|1|596|0|597|0|598|1|599|0|600|0
3L60IFZKF3IJS5RMJRDS0L8Z1LHHHA|A1Z4N3YCR37HME|308XBLVESI4PC60W56KRHY2QBQRBR5|2016-02-18T17:42:12Z|2016-02-18T17:42:49Z|601|1|602|0|603|1|604|1|605|1|606|0|607|1|608|0|609|1|610|0
3L60IFZKF3IJS5RMJRDS0L8Z1LHHHA|A3E99RF0VMUEAW|3CTOC39K37QLC6ETKKZ2A5U3IJ87JP|2016-02-18T17:47:57Z|2016-02-18T17:48:55Z|601|1|602|0|603|1|604|1|605|1|606|0|607|1|608|0|609|1|610|0
3L60IFZKF3IJS5RMJRDS0L8Z1LHHHA|A1CDWT7K9N097|36TFCYNS44AJ0FPUEX0FSRRC7KSXHE|2016-02-18T18:11:58Z|2016-02-18T18:12:59Z|601|1|602|0|603|1|604|1|605|1|606|0|607|1|608|0|609|1|610|0
3P520RYKCH6CHYDBIOJIU3UZQKSU57|AP765Q3F8MUNN|392CY0QWG1RSY8C404GVVSVTE4BI4Q|2016-02-18T19:46:02Z|2016-02-18T19:46:41Z|611|1|612|0|613|1|614|1|615|1|616|0|617|1|618|1|619|1|620|0
3P520RYKCH6CHYDBIOJIU3UZQKSU57|A3AO2N7BNFDGF3|3634BBTX0OU2WO9TKLCEMWSK3XVFIS|2016-02-18T23:26:47Z|2016-02-18T23:27:20Z|611|0|612|0|613|1|614|1|615|1|616|0|617|0|618|1|619|1|620|0
3P520RYKCH6CHYDBIOJIU3UZQKSU57|AMKWR51EXOPA4|3CPLWGV3MOZL9FT7EFPEH82QMY3N9X|2016-02-18T23:43:43Z|2016-02-18T23:44:10Z|611|0|612|1|613|0|614|1|615|0|616|1|617|0|618|1|619|0|620|1
3P520RYKCH6CHYDBIOJIU3UZQKSU57|A2OOALCEVUH3FT|3X66WABAJWITKLN5A2B90BQ7LX23GP|2016-02-19T02:47:46Z|2016-02-19T02:48:50Z|611|1|612|0|613|1|614|1|615|1|616|1|617|0|618|1|619|1|620|0
31GN6YMHLPSQF40RPKBR52POPKBWSA|AM10FBM4YYROA|31HQ4X3T3SADQUMLB89QLB3R9MTSL2|2016-02-18T17:58:44Z|2016-02-18T17:59:24Z|621|1|622|1|623|1|624|0|625|0|626|1|627|0|628|0|629|0|630|0
31GN6YMHLPSQF40RPKBR52POPKBWSA|A18KXL4UK4MJGA|3H0W84IWBK2NJ9CGFXMHI68BEPKERS|2016-02-18T19:37:38Z|2016-02-18T19:39:20Z|621|1|622|1|623|1|624|0|625|1|626|1|627|0|628|1|629|0|630|0
31GN6YMHLPSQF40RPKBR52POPKBWSA|AP765Q3F8MUNN|36PW28KO4ZWVKSQZDM0VNGJ1ELZAEJ|2016-02-18T19:44:32Z|2016-02-18T19:45:13Z|621|1|622|1|623|1|624|0|625|1|626|0|627|1|628|0|629|0|630|0
31GN6YMHLPSQF40RPKBR52POPKBWSA|AMKWR51EXOPA4|3B837J3LDOWOTSHYGS6M7NCQFJGRSZ|2016-02-18T23:41:19Z|2016-02-18T23:42:10Z|621|0|622|0|623|0|624|0|625|0|626|1|627|1|628|1|629|0|630|0
3KTZHH2ONIFCR8R47KZZFDNWFOQM89|A3E99RF0VMUEAW|33CKWXB73JK063JN5FCN5V74LGY118|2016-02-18T17:23:22Z|2016-02-18T17:24:54Z|631|0|632|1|633|0|634|0|635|0|636|1|637|0|638|0|639|0|640|0
3KTZHH2ONIFCR8R47KZZFDNWFOQM89|A3AO2N7BNFDGF3|3VE8AYVF8MX97IXGBZ0N97Y601Q8FD|2016-02-18T23:27:23Z|2016-02-18T23:28:03Z|631|0|632|1|633|0|634|0|635|0|636|1|637|0|638|0|639|0|640|0
3KTZHH2ONIFCR8R47KZZFDNWFOQM89|A2OOALCEVUH3FT|3E337GFOL980OPGFSLVO9PODQESNGO|2016-02-19T02:46:31Z|2016-02-19T02:47:46Z|631|0|632|1|633|0|634|0|635|0|636|1|637|0|638|0|639|0|640|1
3KTZHH2ONIFCR8R47KZZFDNWFOQM89|A2G9G9KF1S6X75|3F6HPJW4JD00WPHML71M347397Y2WI|2016-02-19T03:00:14Z|2016-02-19T03:01:16Z|631|0|632|1|633|0|634|0|635|0|636|1|637|0|638|0|639|0|640|1
3AXFSPQOYQYV5FV6C1SD9DC1YY8JFJ|A1Z4N3YCR37HME|3J4Q2Z4UTY3HO8J7NIRNZM56P5DQW5|2016-02-18T17:57:19Z|2016-02-18T17:58:07Z|641|0|642|0|643|1|644|0|645|0|646|0|647|1|648|1|649|0|650|1
3AXFSPQOYQYV5FV6C1SD9DC1YY8JFJ|A22MXEHG4BQHC9|38JBBYETQOAGI3AI4LQ4ADX1MA7E4E|2016-02-18T18:37:33Z|2016-02-18T18:38:23Z|641|1|642|0|643|1|644|0|645|0|646|0|647|1|648|0|649|0|650|1
3AXFSPQOYQYV5FV6C1SD9DC1YY8JFJ|A2F9PTKROLEA1P|33M4IA01QG1WP93XA2C96VTIUVRRXA|2016-02-18T19:30:38Z|2016-02-18T19:31:40Z|641|1|642|0|643|1|644|0|645|0|646|0|647|1|648|0|649|1|650|0
3AXFSPQOYQYV5FV6C1SD9DC1YY8JFJ|A3AO2N7BNFDGF3|3O6CYIULED19G1QO4RBS9N2VSVNUWS|2016-02-18T23:53:17Z|2016-02-18T23:53:56Z|641|1|642|0|643|1|644|0|645|1|646|0|647|1|648|1|649|0|650|1
33BFF6QPI1BMVNFCZ5AQXUHCX4C3WP|A1Z4N3YCR37HME|39L1G8WVWQRWG6X2SJQ6TOM1J0L139|2016-02-18T17:44:26Z|2016-02-18T17:44:58Z|651|1|652|1|653|0|654|0|655|1|656|0|657|0|658|1|659|0|660|1
33BFF6QPI1BMVNFCZ5AQXUHCX4C3WP|A3E99RF0VMUEAW|3F6HPJW4JD00WPHML71M34739ZVW2T|2016-02-18T17:49:12Z|2016-02-18T17:49:58Z|651|1|652|1|653|0|654|0|655|1|656|0|657|0|658|1|659|0|660|1
33BFF6QPI1BMVNFCZ5AQXUHCX4C3WP|A1ESKJFDQUMBL4|3M0NZ3JDP1YWPH5EEDNR0F4XABW5ZZ|2016-02-18T18:01:42Z|2016-02-18T18:03:57Z|651|0|652|1|653|0|654|0|655|1|656|1|657|0|658|1|659|1|660|0
33BFF6QPI1BMVNFCZ5AQXUHCX4C3WP|A3AO2N7BNFDGF3|3XIQGXAUMC8M7QJI1OE31E2ITMB7XB|2016-02-18T23:19:16Z|2016-02-18T23:19:55Z|651|0|652|1|653|0|654|0|655|1|656|0|657|0|658|0|659|0|660|1
33BFF6QPI1BMVNFCZ5AQXUHCX4C3WP|AMKWR51EXOPA4|3P529IW9KYL4MPHZ5O9RECKCK10FLH|2016-02-18T23:47:12Z|2016-02-18T23:47:45Z|651|0|652|0|653|0|654|0|655|0|656|0|657|0|658|0|659|0|660|0
30F94FBDNRKZ61FVJTKLST8PH26TBF|A3CH9HIJYYV83B|3D8YOU6S9EKBMMBID9YOBT3I4Q16U4|2016-02-18T19:39:38Z|2016-02-18T19:41:15Z|661|0|662|1|663|1|664|1|665|0|666|0|667|0|668|0|669|0|670|0
375VSR8FVW9I8K5JLIVTEWEAKKWRZ7|A3E99RF0VMUEAW|3A7Y0R2P2OOFRLKK2X30447RKCBXJY|2016-02-18T17:20:16Z|2016-02-18T17:21:23Z|671|0|672|0|673|0|674|0|675|0|676|0|677|0|678|0|679|1|680|0
375VSR8FVW9I8K5JLIVTEWEAKKWRZ7|A3CH9HIJYYV83B|3PH3VY7DJLXQ20KYAEA0QFHAUADZWR|2016-02-18T19:50:50Z|2016-02-18T19:51:17Z|671|0|672|0|673|0|674|0|675|0|676|0|677|0|678|0|679|0|680|0
375VSR8FVW9I8K5JLIVTEWEAKKWRZ7|AMKWR51EXOPA4|3Q5ZZ9ZEVOFH5L4R5NNENV7TB7M854|2016-02-18T23:44:11Z|2016-02-18T23:44:31Z|671|0|672|0|673|0|674|0|675|0|676|0|677|0|678|0|679|0|680|1
3W5PY7V3UP7156C1HRK1YYJH49XYJU|A3E99RF0VMUEAW|37M28K1J0QD3V8CRRNBMKWWTJR2JAG|2016-02-18T17:18:53Z|2016-02-18T17:20:10Z|681|0|682|0|683|0|684|1|685|1|686|1|687|0|688|0|689|1|690|1
3W5PY7V3UP7156C1HRK1YYJH49XYJU|A3AO2N7BNFDGF3|3FDJT1UU74810M6SECKHD0GK67YK5H|2016-02-18T23:12:36Z|2016-02-18T23:13:28Z|681|0|682|0|683|0|684|1|685|1|686|1|687|0|688|0|689|1|690|1
3EQVJH0T40L9XEIHJLUHE4BNCFBTHV|A2F9PTKROLEA1P|3TYCR1GOTCJAR68Z603YH40UW31ZLQ|2016-02-18T19:32:55Z|2016-02-18T19:33:44Z|691|1|692|0|693|0|694|1|695|1|696|0|697|1|698|1|699|0|700|1
3EQVJH0T40L9XEIHJLUHE4BNCFBTHV|A3CH9HIJYYV83B|3RSDURM96AMWGAO2TSEBQ218HC4EYZ|2016-02-18T19:50:22Z|2016-02-18T19:50:50Z|691|0|692|0|693|0|694|1|695|0|696|0|697|0|698|1|699|0|700|0
3EQVJH0T40L9XEIHJLUHE4BNCFBTHV|A2CYQB0JESX37R|3WLEIWSYHOHIZZMXQ8FM21XGUFAH2E|2016-02-18T22:25:14Z|2016-02-18T22:26:05Z|691|0|692|0|693|0|694|1|695|1|696|0|697|0|698|1|699|0|700|1
3EQVJH0T40L9XEIHJLUHE4BNCFBTHV|AMKWR51EXOPA4|3TR2532VIPU2860O1AUA4RU7NDT6J4|2016-02-18T23:48:12Z|2016-02-18T23:48:37Z|691|0|692|0|693|0|694|0|695|0|696|0|697|1|698|1|699|1|700|1
3EQVJH0T40L9XEIHJLUHE4BNCFBTHV|A3E99RF0VMUEAW|3B3WTRP3DB2PKT4ESWRUPKZSB4N29Y|2016-02-19T00:01:49Z|2016-02-19T00:02:39Z|691|1|692|0|693|0|694|1|695|1|696|0|697|0|698|1|699|0|700|0
3YZ7A3YHR5TW2LL7TJOIF2CB5N7S5P|A2H6GRD49B1ZHF|3V0Z7YWSIY0NH0HHVXWQH2OP2RH2VF|2016-02-18T18:42:08Z|2016-02-18T18:44:48Z|701|0|702|0|703|1|704|0|705|0|706|0|707|0|708|1|709|0|710|1
3YZ7A3YHR5TW2LL7TJOIF2CB5N7S5P|A3WD3X7HWCOOO|3OLQQLKKNSP6LLT37SD8GFMK47KEJS|2016-02-18T19:24:00Z|2016-02-18T19:25:02Z|701|0|702|0|703|0|704|0|705|0|706|0|707|0|708|1|709|0|710|1
3YZ7A3YHR5TW2LL7TJOIF2CB5N7S5P|A3AO2N7BNFDGF3|3EF8EXOTT1V71KZRV4IT9V3QF4F1J7|2016-02-19T02:00:58Z|2016-02-19T02:01:27Z|701|0|702|0|703|0|704|0|705|1|706|0|707|0|708|1|709|0|710|0
39RRBHZ0AU1A1RM0U203FT3D5Q8VZ3|A1Z4N3YCR37HME|34Q075JO1XD0ZEY59W8NRQOUGO510I|2016-02-18T17:56:01Z|2016-02-18T17:57:18Z|711|0|712|0|713|0|714|0|715|0|716|0|717|1|718|1|719|1|720|1
39RRBHZ0AU1A1RM0U203FT3D5Q8VZ3|AP765Q3F8MUNN|3CTOC39K37QLC6ETKKZ2A5U3ILPJ7M|2016-02-18T19:45:25Z|2016-02-18T19:45:59Z|711|0|712|0|713|0|714|0|715|0|716|0|717|0|718|0|719|0|720|0
39RRBHZ0AU1A1RM0U203FT3D5Q8VZ3|A3CH9HIJYYV83B|3LOTDFNYA7ZKXJTY92GTNN1SI5KWF1|2016-02-18T19:51:57Z|2016-02-18T19:52:26Z|711|0|712|0|713|0|714|0|715|0|716|0|717|1|718|0|719|0|720|1
39RRBHZ0AU1A1RM0U203FT3D5Q8VZ3|A18DLTHQXKDX0Y|3RWE2M8QWHA3DL5UEJ6LOX1XJTTN03|2016-02-18T22:16:20Z|2016-02-18T22:17:22Z|711|0|712|0|713|1|714|0|715|1|716|0|717|1|718|0|719|1|720|1
39RRBHZ0AU1A1RM0U203FT3D5Q8VZ3|A3AO2N7BNFDGF3|3A1PQ49WVHHBAE4174F8XINB2AS1HF|2016-02-18T23:17:04Z|2016-02-18T23:17:34Z|711|0|712|0|713|1|714|0|715|0|716|0|717|1|718|1|719|1|720|0
39RRBHZ0AU1A1RM0U203FT3D5Q8VZ3|AMKWR51EXOPA4|3WMOAN2SRBXJ6M6AHGUA9QRNDQOVNN|2016-02-18T23:47:45Z|2016-02-18T23:48:11Z|711|0|712|0|713|0|714|0|715|0|716|0|717|0|718|0|719|0|720|0
39RRBHZ0AU1A1RM0U203FT3D5Q8VZ3|A2OOALCEVUH3FT|3ATTHHXXWAOJWA0EKFI0S3SR75UIXV|2016-02-19T02:45:05Z|2016-02-19T02:46:30Z|711|0|712|0|713|0|714|0|715|0|716|0|717|1|718|1|719|1|720|1
3I4E7AFQ2KZ5OKD77LX2QHR2P7FTJ0|A1Z4N3YCR37HME|32N49TQG3GICM3CL8CP5NK7NEEKAV3|2016-02-18T17:45:58Z|2016-02-18T17:46:30Z|721|0|722|1|723|0|724|0|725|1|726|0|727|0|728|0|729|1|730|0
3I4E7AFQ2KZ5OKD77LX2QHR2P7FTJ0|A3AO2N7BNFDGF3|3F6HPJW4JD00WPHML71M3473950W2A|2016-02-19T00:50:33Z|2016-02-19T00:51:06Z|721|1|722|1|723|0|724|0|725|1|726|0|727|0|728|0|729|0|730|0
3ABAOCJ4R84IXCR0TEGZ148W9UBQMN|A26MAGTIJ4D18A|34Z02EIMISD18YAEBFSXXW7P89B0T9|2016-02-18T19:46:11Z|2016-02-18T19:47:49Z|731|1|732|1|733|1|734|1|735|0|736|0|737|0|738|1|739|0|740|0
3ABAOCJ4R84IXCR0TEGZ148W9UBQMN|A1IHKUDBWZ9FGA|3ZSANO2JCF7RQ2CPPX6SQYY7CT0FSJ|2016-02-18T21:25:21Z|2016-02-18T21:25:52Z|731|1|732|1|733|0|734|0|735|1|736|0|737|0|738|1|739|0|740|0
3ABAOCJ4R84IXCR0TEGZ148W9UBQMN|A3AO2N7BNFDGF3|36AHBNMV1RCRO4A2XX3RKKJNH3TDY1|2016-02-18T23:54:28Z|2016-02-18T23:55:13Z|731|1|732|1|733|1|734|0|735|0|736|0|737|0|738|1|739|0|740|1
304QEQWKZPKI9M7DPW1XE26JRQSO02|AMKWR51EXOPA4|3A1PQ49WVHHBAE4174F8XINB2A6H19|2016-02-18T23:43:16Z|2016-02-18T23:43:43Z|741|0|742|1|743|0|744|0|745|1|746|0|747|0|748|0|749|1|750|0
3QXFBUZ4ZKGAXV2VZK29Y0LOGT6UGP|A1Z4N3YCR37HME|3NC5L260MOMCSAKWIGPJ6TO6F1XOFP|2016-02-18T17:40:17Z|2016-02-18T17:42:05Z|751|0|752|1|753|1|754|1|755|0|756|1|757|1|758|0|759|0|760|1
3QXFBUZ4ZKGAXV2VZK29Y0LOGT6UGP|A3E99RF0VMUEAW|308Q0PEVB8DTVEIGHZCMC0690U79IR|2016-02-18T17:46:54Z|2016-02-18T17:47:53Z|751|0|752|1|753|1|754|1|755|0|756|1|757|1|758|0|759|0|760|1
3QXFBUZ4ZKGAXV2VZK29Y0LOGT6UGP|AP765Q3F8MUNN|3BC8WZX3V3WCSDHL136HHD7UTEBRRJ|2016-02-18T19:41:39Z|2016-02-18T19:42:27Z|751|0|752|1|753|1|754|1|755|1|756|1|757|1|758|0|759|0|760|1
3QXFBUZ4ZKGAXV2VZK29Y0LOGT6UGP|A3CH9HIJYYV83B|3YDTZAI2WXGHY2G6SXVP3TE7X2114I|2016-02-18T19:49:27Z|2016-02-18T19:49:57Z|751|0|752|0|753|1|754|1|755|1|756|1|757|1|758|0|759|1|760|1
3QXFBUZ4ZKGAXV2VZK29Y0LOGT6UGP|A1HSNKYELR1ELE|3SPJ03342134RQAU7TP2NIE0MQNJYO|2016-02-19T03:08:02Z|2016-02-19T03:08:43Z|751|0|752|1|753|1|754|1|755|1|756|1|757|1|758|0|759|0|760|0
3IZPORCT1F9WHZ5PFWPMEPA5OUFHR7|A3CH9HIJYYV83B|3AWETUDC92S8150TLX6LPO82FZCIZ0|2016-02-18T19:42:48Z|2016-02-18T19:43:27Z|761|0|762|0|763|1|764|1|765|0|766|0|767|0|768|0|769|0|770|0
3IZPORCT1F9WHZ5PFWPMEPA5OUFHR7|AP765Q3F8MUNN|3LUY3GC63Z0HYHHRFX4M71GFRKUP7R|2016-02-18T19:43:43Z|2016-02-18T19:44:26Z|761|0|762|0|763|1|764|1|765|0|766|0|767|0|768|0|769|0|770|0
3IZPORCT1F9WHZ5PFWPMEPA5OUFHR7|A3AO2N7BNFDGF3|3X31TUMD7XMDWANRYPU6PAGIJRK1L5|2016-02-18T23:51:47Z|2016-02-18T23:52:31Z|761|1|762|0|763|1|764|1|765|0|766|0|767|0|768|0|769|1|770|0
3IVKZBIBJ098IE52ULPR4ZF1AWYHSV|A2CYQB0JESX37R|3DPNQGW4LLFC5OH3Y376YP5O5FS46Y|2016-02-18T22:27:36Z|2016-02-18T22:28:09Z|771|1|772|0|773|0|774|0|775|0|776|0|777|0|778|1|779|0|780|1
3IVKZBIBJ098IE52ULPR4ZF1AWYHSV|A2TOQ2WW2341FS|3KOPY89HM823BND6I8WCXOINDMZJ3J|2016-02-18T22:59:19Z|2016-02-18T23:00:01Z|771|1|772|1|773|0|774|0|775|0|776|0|777|0|778|1|779|0|780|1
3IVKZBIBJ098IE52ULPR4ZF1AWYHSV|AMKWR51EXOPA4|3WJ1OXY92AGEBRG80JEVV6NF3LN8AA|2016-02-18T23:44:32Z|2016-02-18T23:44:53Z|771|1|772|1|773|1|774|0|775|0|776|0|777|0|778|0|779|0|780|0
3IVKZBIBJ098IE52ULPR4ZF1AWYHSV|A3AO2N7BNFDGF3|3QECW5O0KH1035WF8LY9ER3GPKC5TV|2016-02-18T23:52:41Z|2016-02-18T23:53:16Z|771|1|772|1|773|0|774|0|775|0|776|0|777|0|778|1|779|0|780|1
3IVKZBIBJ098IE52ULPR4ZF1AWYHSV|A3E99RF0VMUEAW|3DY4FPOOA1O4LKY2ANBRIAWXEOKRVG|2016-02-18T23:58:20Z|2016-02-18T23:58:52Z|771|1|772|1|773|0|774|0|775|0|776|0|777|0|778|1|779|0|780|1
30ZKOOGW2W6TE7YUBW0FRC5O71V1AK|A2F9PTKROLEA1P|3IXQG4FA2TYJ864ABPK5QD2W56YB9Z|2016-02-18T19:31:43Z|2016-02-18T19:32:41Z|781|0|782|0|783|1|784|0|785|0|786|1|787|0|788|0|789|0|790|0
30ZKOOGW2W6TE7YUBW0FRC5O71V1AK|A3CH9HIJYYV83B|3II4UPYCOJ7IF2JG6NMX7YGLIRNDQ3|2016-02-18T19:51:17Z|2016-02-18T19:51:57Z|781|0|782|0|783|1|784|0|785|0|786|0|787|0|788|0|789|0|790|0
30ZKOOGW2W6TE7YUBW0FRC5O71V1AK|A2CYQB0JESX37R|3R2PKQ87NW882Y1A68GRHMCT0X6IMZ|2016-02-18T22:26:08Z|2016-02-18T22:26:51Z|781|1|782|0|783|1|784|0|785|0|786|1|787|0|788|0|789|0|790|0
373L46LKP766L1NKDCJAPQ466UPJKL|A1Z4N3YCR37HME|3GU1KF0O4I140TKHSEG2C32BA87BPH|2016-02-18T17:54:07Z|2016-02-18T17:54:34Z|791|1|792|0|793|0|794|1|795|1|796|1|797|1|798|1|799|1|800|1
373L46LKP766L1NKDCJAPQ466UPJKL|A1ACO6UGLO8VH0|3XXU1SWE8MVWT2B55F1G2RHXKNIA0W|2016-02-18T22:52:47Z|2016-02-18T22:53:39Z|791|1|792|1|793|0|794|1|795|1|796|1|797|1|798|1|799|1|800|1
373L46LKP766L1NKDCJAPQ466UPJKL|A3AO2N7BNFDGF3|3FQ5JJ512LO5QBCYICG37HG6XSLNKX|2016-02-18T23:53:56Z|2016-02-18T23:54:28Z|791|0|792|0|793|0|794|1|795|0|796|1|797|1|798|1|799|1|800|1
373L46LKP766L1NKDCJAPQ466UPJKL|A3E99RF0VMUEAW|39GXDJN2OTEY3FJ6BE5RRT1SOWXV89|2016-02-19T00:00:45Z|2016-02-19T00:01:45Z|791|0|792|0|793|0|794|1|795|1|796|0|797|1|798|1|799|1|800|1
