32PT7WK7DMFNMHFLIA5056SRPCX3DI|A1T4BCVT5U26WB|3KJYX6QCM9BNNWFP2I2IGJA63BWVJ5|2016-02-16T19:20:29Z|2016-02-16T19:21:36Z|1|1|2|1|3|0|4|0|5|0|6|1|7|0|8|0|9|1|10|1
32PT7WK7DMFNMHFLIA5056SRPCX3DI|AK7U41KDD6VJQ|3BEFOD78W6TEUR2VLJENNL2AUMSM4O|2016-02-16T20:31:04Z|2016-02-16T20:32:31Z|1|1|2|0|3|0|4|1|5|0|6|0|7|0|8|0|9|1|10|1
3GITHABACYL7NBAF345YI1ZTX2YN28|A3SWTS84K8LXRG|3OB0CAO74HP80KF4JTMHB5YL8ZZHYY|2016-02-16T18:12:15Z|2016-02-16T18:12:56Z|11|1|12|0|13|1|14|0|15|0|16|0|17|1|18|1|19|0|20|1
3GITHABACYL7NBAF345YI1ZTX2YN28|ASLGHXA4453BQ|31Z0PCVWUKFFQ9AYWED6CBHCFZ1T79|2016-02-17T00:49:06Z|2016-02-17T00:49:51Z|11|1|12|0|13|1|14|0|15|0|16|1|17|1|18|1|19|0|20|1
3GITHABACYL7NBAF345YI1ZTX2YN28|A3IDBFPW2T9P5D|37QW5D2ZRGMIBN22HJ0MG6HLO1U8SP|2016-02-17T02:05:12Z|2016-02-17T02:06:05Z|11|1|12|0|13|1|14|0|15|0|16|1|17|1|18|1|19|0|20|1
3GITHABACYL7NBAF345YI1ZTX2YN28|A324J3PKWTCJS3|3AAJC4I4FGS4WGKZ3FRL1PN2RSEZJX|2016-02-17T02:57:49Z|2016-02-17T02:58:13Z|11|0|12|0|13|0|14|0|15|0|16|0|17|1|18|1|19|0|20|1
3T2EL38U0MKTROQ47LI8CLOUFMMXQG|A2LTV2GLXKSQ5J|3UWN2HHPUY53EUP6NLP5Y37GDQ1NSO|2016-02-16T17:37:02Z|2016-02-16T17:37:49Z|21|1|22|0|23|1|24|1|25|1|26|0|27|1|28|0|29|0|30|0
3T2EL38U0MKTROQ47LI8CLOUFMMXQG|A3SWTS84K8LXRG|3P529IW9KYL4MPHZ5O9RECKCJ5HFL5|2016-02-16T18:10:11Z|2016-02-16T18:11:03Z|21|1|22|1|23|0|24|1|25|1|26|0|27|0|28|0|29|0|30|1
3T2EL38U0MKTROQ47LI8CLOUFMMXQG|A33BZ4SHVU1T9L|3BDCF01OGXUAMGYUAE1F3XRSPLSYLG|2016-02-17T00:56:00Z|2016-02-17T00:57:04Z|21|1|22|1|23|0|24|1|25|1|26|0|27|0|28|0|29|0|30|1
3T2EL38U0MKTROQ47LI8CLOUFMMXQG|A3QLYZRBCASWI3|3VW04L3ZLT6GM5P9J1I1VDF6UP1XXQ|2016-02-17T01:55:47Z|2016-02-17T01:57:55Z|21|1|22|0|23|0|24|1|25|0|26|1|27|0|28|0|29|0|30|0
3T2EL38U0MKTROQ47LI8CLOUFMMXQG|A3IDBFPW2T9P5D|3L0KT67Y8EGXQTTKUNYGFJ5NHGZSYP|2016-02-17T02:06:40Z|2016-02-17T02:07:28Z|21|1|22|1|23|0|24|1|25|1|26|0|27|0|28|0|29|0|30|1
3N7PQ0KLI5PSENTLE5GKBOACPOY3EB|A1JVUD5XUB9H48|3D8YOU6S9EKBMMBID9YOBT3I3WQU6S|2016-02-16T17:21:44Z|2016-02-16T17:22:36Z|31|1|32|1|33|1|34|0|35|1|36|0|37|0|38|0|39|0|40|0
3N7PQ0KLI5PSENTLE5GKBOACPOY3EB|A3I9XLIHPPWPN1|3DZQRBDBSLFWAQWW525QPP9A89F3ST|2016-02-16T17:53:01Z|2016-02-16T17:53:48Z|31|1|32|1|33|1|34|0|35|1|36|0|37|0|38|0|39|0|40|0
3N7PQ0KLI5PSENTLE5GKBOACPOY3EB|AXZWLWEJHD55F|3VP0C6EFSGWS9E694772KJMOQFS6MR|2016-02-16T23:58:55Z|2016-02-16T23:59:32Z|31|1|32|1|33|1|34|0|35|1|36|0|37|0|38|0|39|0|40|0
3N7PQ0KLI5PSENTLE5GKBOACPOY3EB|A33BZ4SHVU1T9L|3S06PH7KSR4UYYZZL8WI6X8D9RGD1G|2016-02-17T00:54:34Z|2016-02-17T00:55:58Z|31|1|32|1|33|1|34|0|35|1|36|0|37|0|38|0|39|0|40|0
33QQ60S6ASIDMRRALID6D8Y8808U0O|A9HQ3E0F2AGVO|3A4TN5196KIVXHEZN14SEE625B8HCH|2016-02-16T17:44:11Z|2016-02-16T17:44:59Z|41|0|42|0|43|1|44|0|45|1|46|0|47|0|48|0|49|1|50|1
33QQ60S6ASIDMRRALID6D8Y8808U0O|A3I9XLIHPPWPN1|3AMYWKA6YBMG9HRLHNMFCNBTLBFO6O|2016-02-16T17:54:40Z|2016-02-16T17:55:35Z|41|0|42|1|43|1|44|0|45|0|46|1|47|0|48|0|49|1|50|1
33QQ60S6ASIDMRRALID6D8Y8808U0O|AK7U41KDD6VJQ|3RRCEFRB7MCIB0YYUUOE95RGINO4BH|2016-02-16T20:29:10Z|2016-02-16T20:31:04Z|41|0|42|0|43|1|44|0|45|1|46|1|47|0|48|0|49|0|50|0
33QQ60S6ASIDMRRALID6D8Y8808U0O|AXZWLWEJHD55F|3NJM2BJS4W6NAYCN6ECXNN8TR6APCU|2016-02-16T23:53:13Z|2016-02-16T23:54:00Z|41|0|42|0|43|1|44|0|45|1|46|0|47|1|48|1|49|1|50|1
33QQ60S6ASIDMRRALID6D8Y8808U0O|ASLGHXA4453BQ|374TNBHA8BVLDDE72J9BKJQMZR9YQZ|2016-02-17T00:45:49Z|2016-02-17T00:46:42Z|41|0|42|1|43|1|44|0|45|1|46|0|47|1|48|0|49|1|50|1
33QQ60S6ASIDMRRALID6D8Y8808U0O|AWHCA5PZ6MTKB|37XITHEISW98MBS2J6GMSI88SPVCR8|2016-02-17T00:49:28Z|2016-02-17T00:50:36Z|41|0|42|1|43|1|44|0|45|1|46|1|47|0|48|1|49|1|50|1
32CAVSKPCEPDTGCSH1H6RDHIDSEU1R|A2LTV2GLXKSQ5J|32EYX73OY09485925X1MMOUEZKBURZ|2016-02-16T17:39:06Z|2016-02-16T17:39:59Z|51|0|52|1|53|0|54|0|55|0|56|0|57|0|58|1|59|1|60|0
32CAVSKPCEPDTGCSH1H6RDHIDSEU1R|A3OK2U3R81QIFG|3N2BF7Y2VQU863QQ0QY6HABEZQEHM3|2016-02-16T19:15:35Z|2016-02-16T19:17:09Z|51|1|52|1|53|0|54|0|55|0|56|0|57|0|58|1|59|1|60|1
32CAVSKPCEPDTGCSH1H6RDHIDSEU1R|AWHCA5PZ6MTKB|31QNSG6A5RTWSPIATG2BLFLP1ME87X|2016-02-17T00:42:19Z|2016-02-17T00:43:57Z|51|0|52|1|53|0|54|1|55|0|56|1|57|0|58|1|59|1|60|1
32CAVSKPCEPDTGCSH1H6RDHIDSEU1R|ASLGHXA4453BQ|30LSNF239UVIVUXHWQX72DYVT372IV|2016-02-17T01:01:15Z|2016-02-17T01:01:56Z|51|0|52|1|53|0|54|1|55|0|56|1|57|0|58|1|59|1|60|1
3RWO3EJELH901B4W0FICH7UJ5BN1P3|A9D12ELJ4WMBJ|32SVAV9L3F9SAUA2O2JZ4PF4M213AO|2016-02-16T17:32:31Z|2016-02-16T17:35:08Z|61|1|62|0|63|1|64|1|65|0|66|0|67|0|68|0|69|1|70|1
3RWO3EJELH901B4W0FICH7UJ5BN1P3|A1T4BCVT5U26WB|3634BBTX0OU2WO9TKLCEMWSK22IFIO|2016-02-16T19:18:00Z|2016-02-16T19:19:12Z|61|1|62|0|63|1|64|1|65|0|66|0|67|0|68|0|69|1|70|0
3RWO3EJELH901B4W0FICH7UJ5BN1P3|AK7U41KDD6VJQ|3TPWUS5F891DU79OI0QSFHGPK1OCWJ|2016-02-16T20:32:31Z|2016-02-16T20:34:02Z|61|0|62|0|63|1|64|1|65|0|66|0|67|1|68|1|69|1|70|1
3RWO3EJELH901B4W0FICH7UJ5BN1P3|AXZWLWEJHD55F|336KAV9KYQS4LUCM08JAO1SJJK22YU|2016-02-16T23:55:13Z|2016-02-16T23:55:52Z|61|0|62|0|63|1|64|1|65|0|66|0|67|0|68|0|69|1|70|1
3RWO3EJELH901B4W0FICH7UJ5BN1P3|AUW9LIRCK5R1W|3PMBY0YE2732IBWGPPG01X8EM33C9Z|2016-02-17T00:09:46Z|2016-02-17T00:10:24Z|61|0|62|0|63|1|64|1|65|0|66|0|67|1|68|0|69|1|70|0
3RWO3EJELH901B4W0FICH7UJ5BN1P3|ASLGHXA4453BQ|3PW9OPU9PQK7VO1JOJC1AEH9C0U21Z|2016-02-17T00:58:04Z|2016-02-17T00:58:40Z|61|0|62|0|63|1|64|1|65|0|66|0|67|1|68|0|69|1|70|1
373L46LKP766L1NKDCJAPQ465IGJKN|A3SWTS84K8LXRG|3GGAI1SQEVYHPVFAEYK56JEYMXGMC4|2016-02-16T18:11:23Z|2016-02-16T18:12:02Z|71|1|72|0|73|0|74|1|75|0|76|0|77|0|78|1|79|0|80|1
373L46LKP766L1NKDCJAPQ465IGJKN|A3IDBFPW2T9P5D|30JNVC0OR9KZRIOISJ5NYJVJ9W2HQR|2016-02-17T02:08:42Z|2016-02-17T02:09:14Z|71|1|72|0|73|1|74|1|75|0|76|0|77|0|78|1|79|0|80|1
3538U0YQ1FUKK1TH9G0QT6VC1PD3FT|A3I9XLIHPPWPN1|3KIBXJ1WD5UN8WCAJRGGM6GBM6VOKP|2016-02-16T17:43:12Z|2016-02-16T17:44:23Z|81|0|82|1|83|1|84|0|85|0|86|1|87|0|88|0|89|1|90|0
3538U0YQ1FUKK1TH9G0QT6VC1PD3FT|AXZWLWEJHD55F|37TD41K0AH9KNQSFYVGRISD4EQLCS1|2016-02-16T23:57:24Z|2016-02-16T23:58:05Z|81|1|82|1|83|1|84|0|85|1|86|1|87|0|88|0|89|0|90|0
3538U0YQ1FUKK1TH9G0QT6VC1PD3FT|A324J3PKWTCJS3|39GAF6DQWR0GSFZLCTWCCJEK9YX1VG|2016-02-17T00:12:11Z|2016-02-17T00:12:29Z|81|0|82|1|83|0|84|0|85|0|86|0|87|0|88|1|89|0|90|0
3QGTX7BCHP2T3X7LOBIQBV9ERQYZ53|A3SWTS84K8LXRG|35BLDD71I6XDNBKTK4544DYWM8BZVU|2016-02-16T18:03:11Z|2016-02-16T18:04:04Z|91|0|92|1|93|1|94|0|95|1|96|0|97|0|98|0|99|0|100|1
3QGTX7BCHP2T3X7LOBIQBV9ERQYZ53|A2UWMGQWV1FBJ8|352YTHGROVDS2D1KUMYAVGUED0OH45|2016-02-16T20:18:13Z|2016-02-16T20:20:20Z|91|0|92|1|93|1|94|0|95|1|96|0|97|0|98|1|99|0|100|0
3QGTX7BCHP2T3X7LOBIQBV9ERQYZ53|ASLGHXA4453BQ|30MVJZJNHMDPQP2MZHXMO1L9CN09JY|2016-02-17T00:51:23Z|2016-02-17T00:52:02Z|91|1|92|1|93|1|94|0|95|1|96|0|97|0|98|0|99|0|100|0
3QGTX7BCHP2T3X7LOBIQBV9ERQYZ53|A33BZ4SHVU1T9L|33LKR6A5KEK1FNVW7YWXB1QZCD71TQ|2016-02-17T00:57:51Z|2016-02-17T00:58:30Z|91|1|92|1|93|1|94|0|95|0|96|0|97|0|98|0|99|0|100|1
3MWOYZD5WVOLUIZKQ23VPE2WY7VONG|A3QLYZRBCASWI3|3J4Q2Z4UTY3HO8J7NIRNZM56OKAQWV|2016-02-17T02:00:11Z|2016-02-17T02:01:50Z|101|0|102|1|103|0|104|0|105|1|106|0|107|1|108|1|109|0|110|1
3X52SWXE0X5A8NBVSYLRQXL625GWCI|A3I9XLIHPPWPN1|3NC5L260MOMCSAKWIGPJ6TO6EAHOFQ|2016-02-16T17:52:16Z|2016-02-16T17:53:01Z|111|0|112|1|113|0|114|1|115|0|116|1|117|0|118|1|119|0|120|0
3X52SWXE0X5A8NBVSYLRQXL625GWCI|ASLGHXA4453BQ|3OJSZ2ATDSWD57Z8VIV89VBYZWK57Z|2016-02-17T00:56:41Z|2016-02-17T00:57:21Z|111|0|112|1|113|0|114|1|115|0|116|0|117|0|118|1|119|0|120|0
3XAOZ9UYRZRL1N5B0SX1HCKTA791QU|A3I9XLIHPPWPN1|34YB12FSQYOU67VFGKGOWAZDKP0GM0|2016-02-16T17:46:18Z|2016-02-16T17:47:01Z|121|1|122|1|123|1|124|1|125|0|126|1|127|0|128|1|129|0|130|0
3XAOZ9UYRZRL1N5B0SX1HCKTA791QU|AWHCA5PZ6MTKB|37M28K1J0QD3V8CRRNBMKWWTI5GJAL|2016-02-17T00:46:57Z|2016-02-17T00:47:53Z|121|1|122|1|123|1|124|1|125|0|126|1|127|1|128|1|129|1|130|0
3MQKOF1EE2OKDFH9SUG2A33ON5SWDI|AAUTGSJNLCAIR|3F1567XTNW56CC6ZU7HVL2XVQCVQ9X|2016-02-16T17:26:15Z|2016-02-16T17:26:59Z|131|0|132|0|133|0|134|1|135|0|136|1|137|0|138|0|139|1|140|1
3MQKOF1EE2OKDFH9SUG2A33ON5SWDI|ABRJQZJYO5I96|386CSBG1OZMJUT41W0EJ1S6T0DLQ6O|2016-02-16T20:06:15Z|2016-02-16T20:08:34Z|131|0|132|0|133|0|134|0|135|0|136|1|137|0|138|0|139|1|140|1
3MQKOF1EE2OKDFH9SUG2A33ON5SWDI|A324J3PKWTCJS3|3P59JYT76LK848DSQ2WBGK044JV2TI|2016-02-17T00:11:00Z|2016-02-17T00:11:18Z|131|0|132|1|133|0|134|0|135|1|136|1|137|0|138|0|139|0|140|1
3MQKOF1EE2OKDFH9SUG2A33ON5SWDI|A3IDBFPW2T9P5D|3CCZ6YKWR7JHJQN1AFTSNR24UN795G|2016-02-17T02:07:47Z|2016-02-17T02:08:34Z|131|0|132|0|133|0|134|1|135|0|136|0|137|0|138|0|139|1|140|1
36D1BWBEHN115TPFR3QY5MATSCPM28|A3I9XLIHPPWPN1|3EJJQNKU9R5Z3J3I5YUN395O5CEHRQ|2016-02-16T17:53:49Z|2016-02-16T17:54:40Z|141|1|142|1|143|1|144|0|145|0|146|1|147|1|148|0|149|0|150|0
378G7J1SJLYP5LV9OPRMGLL9NHTWEB|A3SWTS84K8LXRG|36U2A8VAG1ZZ2AGCPEPEOXED0GZYKF|2016-02-16T18:02:11Z|2016-02-16T18:02:56Z|151|0|152|1|153|0|154|0|155|0|156|1|157|0|158|0|159|0|160|0
378G7J1SJLYP5LV9OPRMGLL9NHTWEB|A3QLYZRBCASWI3|3OVR4I9USPJ5F60NDCL44UMF4RD4QP|2016-02-17T02:01:50Z|2016-02-17T02:03:30Z|151|0|152|1|153|0|154|0|155|0|156|1|157|0|158|0|159|0|160|0
378G7J1SJLYP5LV9OPRMGLL9NHTWEB|A3IDBFPW2T9P5D|3HVVDCPGTESY5T6ZJN36PO19JZBYTI|2016-02-17T02:03:51Z|2016-02-17T02:05:03Z|151|0|152|1|153|0|154|0|155|1|156|1|157|0|158|0|159|0|160|0
3B6F54KMR2CXE3KOSWM6CCZUSVU1SJ|A3I9XLIHPPWPN1|3DIP6YHAPCSH14XKGOGHRPD6N4W8EN|2016-02-16T17:45:26Z|2016-02-16T17:46:17Z|161|0|162|0|163|0|164|1|165|1|166|1|167|0|168|1|169|1|170|1
3B6F54KMR2CXE3KOSWM6CCZUSVU1SJ|A10VIBTYKRLRIC|3RYC5T2D73TRG016OB2SCI7FR58RPT|2016-02-16T21:16:57Z|2016-02-16T21:17:41Z|161|1|162|0|163|0|164|1|165|1|166|1|167|0|168|1|169|1|170|1
3B6F54KMR2CXE3KOSWM6CCZUSVU1SJ|AUW9LIRCK5R1W|374TNBHA8BVLDDE72J9BKJQMZRPQY7|2016-02-17T00:10:38Z|2016-02-17T00:11:15Z|161|1|162|0|163|0|164|1|165|1|166|1|167|0|168|1|169|1|170|1
3B6F54KMR2CXE3KOSWM6CCZUSVU1SJ|A33BZ4SHVU1T9L|3M0NZ3JDP1YWPH5EEDNR0F4X9PY5ZS|2016-02-17T00:57:07Z|2016-02-17T00:57:46Z|161|0|162|0|163|0|164|1|165|1|166|1|167|1|168|1|169|1|170|1
3B6F54KMR2CXE3KOSWM6CCZUSVU1SJ|A2OOALCEVUH3FT|3BDCF01OGXUAMGYUAE1F3XRSPNBYL3|2016-02-17T02:49:05Z|2016-02-17T02:50:10Z|161|0|162|0|163|0|164|1|165|1|166|1|167|0|168|1|169|1|170|0
3QO7EE372ONMELN32PQQNOX2WJZBQM|A3I9XLIHPPWPN1|3YMTUJH0DSGI7MSFUGFZ9ZX2OSNT4R|2016-02-16T17:49:42Z|2016-02-16T17:50:39Z|171|1|172|0|173|0|174|1|175|0|176|0|177|1|178|0|179|1|180|1
3QO7EE372ONMELN32PQQNOX2WJZBQM|A3SWTS84K8LXRG|3BEFOD78W6TEUR2VLJENNL2AUK04MA|2016-02-16T18:15:15Z|2016-02-16T18:16:19Z|171|1|172|0|173|0|174|1|175|0|176|1|177|0|178|0|179|1|180|1
3QO7EE372ONMELN32PQQNOX2WJZBQM|ASLGHXA4453BQ|39OWYR0EPKROMOOYO3YH8KM8SP5FYR|2016-02-17T00:54:25Z|2016-02-17T00:55:19Z|171|1|172|0|173|0|174|1|175|0|176|0|177|1|178|1|179|1|180|1
3IZVJEBJ6AKPM17ZTUSV31NENL9Z6J|A3SWTS84K8LXRG|36U2A8VAG1ZZ2AGCPEPEOXED0G3KY5|2016-02-16T18:13:01Z|2016-02-16T18:13:46Z|181|0|182|1|183|0|184|1|185|0|186|0|187|0|188|1|189|1|190|0
3Q2T3FD0ON8QQBLYV343OWFLYQPM3J|A3SWTS84K8LXRG|3IX2EGZR7BJVUPY8TYX8FML3I4RJR6|2016-02-16T18:19:44Z|2016-02-16T18:20:28Z|191|0|192|0|193|0|194|0|195|0|196|0|197|0|198|1|199|1|200|0
3Q2T3FD0ON8QQBLYV343OWFLYQPM3J|AK7U41KDD6VJQ|33PPO7FECVF5Y4VXTFHOYWPZQQ4IDK|2016-02-16T20:37:55Z|2016-02-16T20:40:45Z|191|0|192|0|193|0|194|0|195|0|196|1|197|0|198|0|199|1|200|0
3Q2T3FD0ON8QQBLYV343OWFLYQPM3J|AWHCA5PZ6MTKB|3RXPCZQMQPBXAI9QNYXQCIBAMJW1GE|2016-02-17T00:53:08Z|2016-02-17T00:54:01Z|191|1|192|0|193|0|194|0|195|0|196|1|197|0|198|1|199|1|200|0
3Q2T3FD0ON8QQBLYV343OWFLYQPM3J|ASLGHXA4453BQ|3IOEN3P9S7JVDPKKBLO40RYLS5W16F|2016-02-17T00:57:23Z|2016-02-17T00:58:02Z|191|1|192|0|193|0|194|0|195|0|196|1|197|0|198|1|199|1|200|0
3FULMHZ7OUXB8742VH9MY17RCQLM44|A35VNMQNO7676|3GNA64GUZE4NBP4NRH4E9MST4JBQ5B|2016-02-16T21:29:38Z|2016-02-16T21:30:52Z|201|0|202|1|203|1|204|1|205|1|206|0|207|1|208|0|209|0|210|0
3FULMHZ7OUXB8742VH9MY17RCQLM44|ASLGHXA4453BQ|3IKZ72A5B4GUAPKKH1P6R4O1O5XNF5|2016-02-17T00:46:45Z|2016-02-17T00:47:37Z|201|0|202|1|203|1|204|1|205|1|206|1|207|1|208|0|209|0|210|0
3P4ZBJFX2V3HBZV5J0BSY369ZI8WFT|A1JVUD5XUB9H48|35USIKEBNRGYRWR9G8M2XYBOV0Z6NE|2016-02-16T17:22:42Z|2016-02-16T17:32:22Z|211|0|212|0|213|1|214|0|215|0|216|0|217|0|218|0|219|1|220|0
32CAVSKPCEPDTGCSH1H6RDHIDSF1UZ|A3SWTS84K8LXRG|3JJVG1YBEBX07J2Y8Z7OEXXUIHTB5Z|2016-02-16T18:18:43Z|2016-02-16T18:19:27Z|221|0|222|1|223|1|224|0|225|1|226|0|227|0|228|1|229|0|230|0
32CAVSKPCEPDTGCSH1H6RDHIDSF1UZ|AK7U41KDD6VJQ|3HVVDCPGTESY5T6ZJN36PO19JVPTYJ|2016-02-16T20:36:20Z|2016-02-16T20:37:55Z|221|1|222|1|223|1|224|0|225|0|226|0|227|0|228|1|229|0|230|0
32CAVSKPCEPDTGCSH1H6RDHIDSF1UZ|ASLGHXA4453BQ|3WQQ9FUS6AUJU1L06XERQH7LKCEB8V|2016-02-17T00:58:43Z|2016-02-17T00:59:17Z|221|0|222|1|223|1|224|1|225|1|226|0|227|0|228|1|229|0|230|0
3KTZHH2ONIFCR8R47KZZFDNWECH8MX|ASLGHXA4453BQ|3DBQWDE4Y6Y28SRVBPCX5SXOZBNN5Q|2016-02-17T00:53:32Z|2016-02-17T00:54:22Z|231|0|232|0|233|1|234|0|235|0|236|0|237|1|238|1|239|0|240|1
3KTZHH2ONIFCR8R47KZZFDNWECH8MX|A3IDBFPW2T9P5D|3J88R45B2GYBDWNIXA8K10T3SQYXP8|2016-02-17T02:09:55Z|2016-02-17T02:10:53Z|231|0|232|0|233|1|234|1|235|1|236|0|237|1|238|1|239|0|240|1
3KTZHH2ONIFCR8R47KZZFDNWECH8MX|A2OOALCEVUH3FT|3Z9WI9EOZZODGFQNFELQ2XJAARTHKK|2016-02-17T02:47:28Z|2016-02-17T02:49:05Z|231|0|232|0|233|0|234|0|235|0|236|0|237|1|238|1|239|0|240|1
3VW0145YLYC1BPNNYOWQ43WAUNBJMS|A3I9XLIHPPWPN1|3DR23U6WE5E0ZOP8JMRCIL9T1HITEY|2016-02-16T17:48:49Z|2016-02-16T17:49:42Z|241|0|242|0|243|1|244|1|245|1|246|0|247|1|248|0|249|0|250|0
3VW0145YLYC1BPNNYOWQ43WAUNBJMS|AXZWLWEJHD55F|3TYCR1GOTCJAR68Z603YH40UVEXZL7|2016-02-16T23:55:54Z|2016-02-16T23:56:45Z|241|0|242|0|243|1|244|1|245|1|246|0|247|0|248|1|249|0|250|1
3VW0145YLYC1BPNNYOWQ43WAUNBJMS|AWHCA5PZ6MTKB|3ZPPDN2SLVWHF9GULGMVRL8H7F29EB|2016-02-17T00:47:57Z|2016-02-17T00:49:23Z|241|1|242|0|243|1|244|1|245|1|246|0|247|1|248|0|249|0|250|1
3VW0145YLYC1BPNNYOWQ43WAUNBJMS|ASLGHXA4453BQ|3SKEMFQBZ35KN4PUCARKPKQB77O8KF|2016-02-17T01:00:14Z|2016-02-17T01:01:10Z|241|0|242|0|243|1|244|1|245|1|246|0|247|0|248|1|249|0|250|1
3MQKOF1EE2OKDFH9SUG2A33ON5SDWZ|A35VNMQNO7676|33SA9F9TRXUSR5T2ERWN55GS5DSEW5|2016-02-16T21:30:55Z|2016-02-16T21:31:55Z|251|1|252|0|253|0|254|0|255|0|256|0|257|0|258|1|259|0|260|1
3MQKOF1EE2OKDFH9SUG2A33ON5SDWZ|A3JS9XXH1AAB6Q|3EFE17QCRC5B4Y3VKNUSTJAKRKKSHO|2016-02-17T02:03:00Z|2016-02-17T02:03:55Z|251|1|252|1|253|0|254|1|255|0|256|0|257|0|258|1|259|0|260|0
3O4VWC1GEW60P3FDS6RB84N4UWU3JW|AXZWLWEJHD55F|3137ONMDKG5WUJ32ZMS5J2U4BR3GED|2016-02-16T23:56:47Z|2016-02-16T23:57:22Z|261|1|262|0|263|0|264|0|265|1|266|1|267|0|268|0|269|1|270|0
3O4VWC1GEW60P3FDS6RB84N4UWU3JW|ASLGHXA4453BQ|3WT783CTPBHL64BDN9UWS334A3UCBX|2016-02-17T00:52:05Z|2016-02-17T00:52:54Z|261|1|262|1|263|0|264|0|265|1|266|1|267|0|268|0|269|0|270|0
3O4VWC1GEW60P3FDS6RB84N4UWU3JW|AWHCA5PZ6MTKB|308Q0PEVB8DTVEIGHZCMC069Z8AI9U|2016-02-17T00:51:12Z|2016-02-17T00:52:55Z|261|0|262|0|263|0|264|0|265|1|266|1|267|0|268|0|269|1|270|0
34KYK9TV2R8YR12GUTFVIOC3E7KBSB|A3I9XLIHPPWPN1|3ZAZR5XV01IHO2ETTNAZELA711PZCP|2016-02-16T17:44:23Z|2016-02-16T17:45:26Z|271|1|272|1|273|1|274|1|275|0|276|0|277|0|278|1|279|1|280|0
34KYK9TV2R8YR12GUTFVIOC3E7KBSB|A3SWTS84K8LXRG|3K772S5NP8BAUFYDJSAN4265QNQEHC|2016-02-16T17:59:33Z|2016-02-16T18:00:31Z|271|1|272|1|273|1|274|1|275|0|276|0|277|0|278|1|279|1|280|0
34KYK9TV2R8YR12GUTFVIOC3E7KBSB|AXZWLWEJHD55F|3OVHNO1VE61RTUK7TJ5AYRSPM5UDZ4|2016-02-16T23:54:02Z|2016-02-16T23:54:38Z|271|1|272|1|273|1|274|1|275|0|276|0|277|0|278|1|279|1|280|0
34KYK9TV2R8YR12GUTFVIOC3E7KBSB|A3IDBFPW2T9P5D|3WSELTNVR32X9B8W3HPQM2J2G8BTA6|2016-02-17T02:09:20Z|2016-02-17T02:09:51Z|271|1|272|1|273|1|274|1|275|0|276|0|277|0|278|1|279|1|280|0
334ZEL5JX6FIAVRPYYKHO8C2L63OSS|A2LTV2GLXKSQ5J|354P56DE9K3EB9XJ7E8G26LQDBVS7H|2016-02-16T17:35:43Z|2016-02-16T17:37:02Z|281|0|282|1|283|1|284|1|285|1|286|1|287|0|288|0|289|1|290|1
334ZEL5JX6FIAVRPYYKHO8C2L63OSS|A3I9XLIHPPWPN1|3MAOD8E57QABABB5HVVSXBO8S57XNA|2016-02-16T17:51:30Z|2016-02-16T17:52:16Z|281|0|282|1|283|1|284|1|285|1|286|1|287|1|288|0|289|1|290|1
334ZEL5JX6FIAVRPYYKHO8C2L63OSS|A3SWTS84K8LXRG|32XVDSJFPZX4RDN8H5VZU65CA6ZM2R|2016-02-16T17:58:35Z|2016-02-16T17:59:21Z|281|0|282|1|283|1|284|1|285|1|286|1|287|1|288|0|289|1|290|1
334ZEL5JX6FIAVRPYYKHO8C2L63OSS|A1I08IN71ZPR5B|3E4GGUZ1T8R91PN5WTIJFTD8L6N2KV|2016-02-17T00:44:22Z|2016-02-17T00:45:12Z|281|0|282|1|283|1|284|1|285|1|286|1|287|1|288|0|289|1|290|1
334ZEL5JX6FIAVRPYYKHO8C2L63OSS|ASLGHXA4453BQ|3LJ7UR74RHDKC9NVXKTN00RAZFW4N6|2016-02-17T00:59:26Z|2016-02-17T01:00:10Z|281|0|282|1|283|1|284|1|285|1|286|1|287|1|288|0|289|1|290|1
3L7SUC0TTUUU9JM1CGMKMYHEVE50M2|A2LTV2GLXKSQ5J|37M28K1J0QD3V8CRRNBMKWWTI0OAJA|2016-02-16T17:34:38Z|2016-02-16T17:35:43Z|291|0|292|0|293|0|294|1|295|1|296|0|297|0|298|1|299|0|300|1
3L7SUC0TTUUU9JM1CGMKMYHEVE50M2|ASLGHXA4453BQ|3IGI0VL647KOG2XDG48WEYXFG6QNOT|2016-02-17T00:50:39Z|2016-02-17T00:51:17Z|291|1|292|1|293|0|294|1|295|1|296|0|297|0|298|1|299|0|300|1
39AYGO6AFFKV5CTGQ6H18EG5D70N6P|A1T4BCVT5U26WB|3ZPPDN2SLVWHF9GULGMVRL8H7BGE9M|2016-02-16T19:16:50Z|2016-02-16T19:18:00Z|301|0|302|1|303|1|304|1|305|1|306|0|307|0|308|0|309|1|310|1
39AYGO6AFFKV5CTGQ6H18EG5D70N6P|A29BP2DN4S4NPX|3NLZY2D53PP1DE78J4KLQBOQQ8ULQB|2016-02-16T19:34:41Z|2016-02-16T19:35:50Z|301|0|302|1|303|1|304|0|305|1|306|1|307|1|308|0|309|0|310|1
39AYGO6AFFKV5CTGQ6H18EG5D70N6P|A4UGVJTZTL45V|3ATPCQ38J8ATQX7QDNCPUJBHV5OYAL|2016-02-16T19:58:30Z|2016-02-16T19:59:01Z|301|0|302|1|303|0|304|0|305|1|306|0|307|1|308|0|309|0|310|0
39AYGO6AFFKV5CTGQ6H18EG5D70N6P|ASLGHXA4453BQ|326O153BMIYTIZTBXWRXDHR7Y0KED0|2016-02-17T00:52:56Z|2016-02-17T00:53:30Z|301|0|302|1|303|0|304|1|305|1|306|0|307|1|308|0|309|0|310|0
329E6HTMSW2V0NLVARRN9JNH9LU3KV|A3SWTS84K8LXRG|3OLQQLKKNSP6LLT37SD8GFMK3FZEJM|2016-02-16T18:14:13Z|2016-02-16T18:14:54Z|311|1|312|0|313|0|314|0|315|0|316|1|317|0|318|1|319|0|320|0
329E6HTMSW2V0NLVARRN9JNH9LU3KV|A1T4BCVT5U26WB|3CP1TO84PT16J622P6EDD4UQOC552I|2016-02-16T19:15:06Z|2016-02-16T19:16:39Z|311|0|312|0|313|1|314|0|315|0|316|1|317|0|318|1|319|0|320|0
329E6HTMSW2V0NLVARRN9JNH9LU3KV|A29BP2DN4S4NPX|3AZHRG4CU4KW9HCKW0M6FJ3RDI603F|2016-02-16T19:35:59Z|2016-02-16T19:36:37Z|311|1|312|0|313|1|314|0|315|0|316|1|317|0|318|1|319|0|320|0
329E6HTMSW2V0NLVARRN9JNH9LU3KV|AK7U41KDD6VJQ|3TE22NPXPBCYQ1DPFFER1RLA8VB44F|2016-02-16T20:42:42Z|2016-02-16T20:44:10Z|311|0|312|0|313|0|314|0|315|0|316|1|317|0|318|1|319|0|320|0
329E6HTMSW2V0NLVARRN9JNH9LU3KV|A35VNMQNO7676|3AMW0RGHOD26129EV4LB3Y25Q8PNP7|2016-02-16T21:26:35Z|2016-02-16T21:28:53Z|311|0|312|0|313|0|314|0|315|0|316|1|317|0|318|1|319|0|320|0
329E6HTMSW2V0NLVARRN9JNH9LU3KV|ASLGHXA4453BQ|34Z02EIMISD18YAEBFSXXW7P7LW0TH|2016-02-17T00:49:55Z|2016-02-17T00:50:35Z|311|1|312|0|313|0|314|0|315|0|316|1|317|0|318|1|319|0|320|0
33TGB4G0LPH6J4IWOPC3HQZHZTLXTU|A3I9XLIHPPWPN1|3S3AMIZX3U5EL19X15L2NTR4DJGCD4|2016-02-16T17:47:01Z|2016-02-16T17:48:01Z|321|0|322|1|323|1|324|0|325|1|326|0|327|0|328|0|329|0|330|0
33TGB4G0LPH6J4IWOPC3HQZHZTLXTU|A3SWTS84K8LXRG|3NLZY2D53PP1DE78J4KLQBOQQ7OLQ3|2016-02-16T18:01:02Z|2016-02-16T18:01:57Z|321|0|322|0|323|0|324|0|325|1|326|0|327|0|328|0|329|0|330|0
3Z56AA6EK40PNU8GE521VZR58HRM6P|A3I9XLIHPPWPN1|3QRYMNZ7FYH4TU2LCLUV8832F9JNTH|2016-02-16T17:48:01Z|2016-02-16T17:48:48Z|331|0|332|1|333|1|334|1|335|0|336|1|337|0|338|1|339|1|340|0
3Z56AA6EK40PNU8GE521VZR58HRM6P|A1T4BCVT5U26WB|3UN61F00HWPNNQJN4WTEEC2Y04NR5L|2016-02-16T19:19:12Z|2016-02-16T19:20:28Z|331|0|332|1|333|1|334|1|335|0|336|1|337|0|338|0|339|0|340|0
3Z56AA6EK40PNU8GE521VZR58HRM6P|AK7U41KDD6VJQ|3UXUOQ9OKEXABDBPQEMPH6RKR7SA7B|2016-02-16T20:26:51Z|2016-02-16T20:29:10Z|331|0|332|0|333|1|334|1|335|0|336|1|337|0|338|1|339|1|340|0
3Z56AA6EK40PNU8GE521VZR58HRM6P|AWHCA5PZ6MTKB|3K3R2QNK8B3Y45DGBG10V3UKT3UU9B|2016-02-17T00:44:02Z|2016-02-17T00:45:27Z|331|0|332|1|333|1|334|1|335|1|336|1|337|0|338|1|339|1|340|0
3Z56AA6EK40PNU8GE521VZR58HRM6P|ASLGHXA4453BQ|3QAVNHZ3EM49QY0RU8NZ0B9LMUMALF|2016-02-17T00:48:25Z|2016-02-17T00:49:03Z|331|0|332|1|333|1|334|1|335|0|336|1|337|0|338|1|339|1|340|0
3ATYLI1PRT2PBS8ZB4B3W7LFPNQJO7|A1JVUD5XUB9H48|3PWWM24LHSYP6OL4N4LGPO4HQ0V828|2016-02-16T17:19:14Z|2016-02-16T17:21:11Z|341|0|342|0|343|0|344|1|345|0|346|0|347|1|348|0|349|1|350|0
3ATYLI1PRT2PBS8ZB4B3W7LFPNQJO7|A2LTV2GLXKSQ5J|3M0BCWMB8VWUK2HI40UX4XA72EJBW2|2016-02-16T17:38:19Z|2016-02-16T17:39:05Z|341|0|342|0|343|1|344|1|345|0|346|0|347|1|348|0|349|0|350|0
3ATYLI1PRT2PBS8ZB4B3W7LFPNQJO7|AXZWLWEJHD55F|3PH3VY7DJLXQ20KYAEA0QFHATL2WZY|2016-02-16T23:58:07Z|2016-02-16T23:58:46Z|341|0|342|0|343|1|344|1|345|0|346|1|347|1|348|0|349|0|350|0
32ZCLEW0BZK7WSK0Q4OIL7Q5ZSMJPO|A3SWTS84K8LXRG|3KKG4CDWKIYZN7J1WAAIIZWQULN495|2016-02-16T17:57:19Z|2016-02-16T17:58:24Z|351|0|352|1|353|0|354|0|355|1|356|0|357|0|358|0|359|0|360|1
32ZCLEW0BZK7WSK0Q4OIL7Q5ZSMJPO|AK7U41KDD6VJQ|31N2WW6R9RQN6LRAZI5RIQQVJLP3FI|2016-02-16T20:44:11Z|2016-02-16T20:47:13Z|351|0|352|1|353|0|354|0|355|1|356|0|357|0|358|0|359|0|360|1
32ZCLEW0BZK7WSK0Q4OIL7Q5ZSMJPO|A10VIBTYKRLRIC|378XPAWRUCD70XSL95QM8VHT5NQIA1|2016-02-16T21:17:42Z|2016-02-16T21:18:41Z|351|0|352|1|353|0|354|0|355|1|356|0|357|0|358|0|359|1|360|1
32ZCLEW0BZK7WSK0Q4OIL7Q5ZSMJPO|A324J3PKWTCJS3|3KKG4CDWKIYZN7J1WAAIIZWQUN949V|2016-02-16T21:20:13Z|2016-02-16T21:20:24Z|351|0|352|1|353|1|354|0|355|1|356|1|357|0|358|0|359|0|360|1
32ZCLEW0BZK7WSK0Q4OIL7Q5ZSMJPO|A1I08IN71ZPR5B|3Y4W8Q93LZKAKAFXSMG7DLFTYVIVDI|2016-02-17T00:45:19Z|2016-02-17T00:46:20Z|351|0|352|0|353|0|354|0|355|1|356|0|357|0|358|0|359|1|360|1
3S8A4GJRD338DH2PSX3SIVAIZA2V6E|A3I9XLIHPPWPN1|3JJVG1YBEBX07J2Y8Z7OEXXUIHK5BK|2016-02-16T17:50:50Z|2016-02-16T17:51:30Z|361|1|362|0|363|1|364|1|365|1|366|0|367|1|368|0|369|1|370|0
3S8A4GJRD338DH2PSX3SIVAIZA2V6E|A3SWTS84K8LXRG|31LM9EDVOLSAFR6G0RGR62GTH72NJM|2016-02-16T18:20:41Z|2016-02-16T18:21:49Z|361|0|362|0|363|1|364|0|365|1|366|0|367|1|368|0|369|1|370|0
3S8A4GJRD338DH2PSX3SIVAIZA2V6E|AK7U41KDD6VJQ|3LOTDFNYA7ZKXJTY92GTNN1SHEJFW0|2016-02-16T20:40:45Z|2016-02-16T20:42:42Z|361|0|362|0|363|1|364|0|365|0|366|0|367|1|368|0|369|0|370|0
3S8A4GJRD338DH2PSX3SIVAIZA2V6E|A10VIBTYKRLRIC|3KYQYYSHYV7FUQ60RAUTITLL2ZMOD4|2016-02-16T21:18:41Z|2016-02-16T21:19:25Z|361|1|362|0|363|1|364|0|365|0|366|0|367|1|368|0|369|1|370|0
3S8A4GJRD338DH2PSX3SIVAIZA2V6E|AXZWLWEJHD55F|3GA6AFUKOOO7KHIGU8TRLB28Z2OH3K|2016-02-16T23:54:41Z|2016-02-16T23:55:10Z|361|1|362|0|363|1|364|1|365|1|366|0|367|1|368|0|369|1|370|0
3S8A4GJRD338DH2PSX3SIVAIZA2V6E|ASLGHXA4453BQ|3GNCZX450INZHJFPM0G6HSI5R4MPAR|2016-02-17T00:47:39Z|2016-02-17T00:48:22Z|361|1|362|0|363|1|364|0|365|1|366|0|367|1|368|0|369|0|370|0
3DW3BNF1GHIVHVLDLC0Q296955SV80|A37BBKFZU9BINN|3PMBY0YE2732IBWGPPG01X8EMXR9C8|2016-02-16T17:19:25Z|2016-02-16T17:20:32Z|371|0|372|0|373|1|374|0|375|0|376|1|377|1|378|1|379|0|380|1
3DW3BNF1GHIVHVLDLC0Q296955SV80|A3SWTS84K8LXRG|3A1COHJ8NJVTLEOM6PONCSAJFKYH8M|2016-02-16T18:16:30Z|2016-02-16T18:17:17Z|371|0|372|1|373|1|374|0|375|0|376|1|377|0|378|1|379|0|380|1
3DW3BNF1GHIVHVLDLC0Q296955SV80|A1T4BCVT5U26WB|33LK57MYLT5XVJ3PQ90ZTQEPN5GSZJ|2016-02-16T19:21:48Z|2016-02-16T19:23:24Z|371|1|372|1|373|1|374|0|375|0|376|1|377|1|378|1|379|0|380|1
3Z33IC0JC0MVV04NQ464251KPBAV9P|ASLGHXA4453BQ|3X0H8UUIT1OT1OYKFMGSUMK7684SWV|2016-02-17T01:01:58Z|2016-02-17T01:02:35Z|381|0|382|1|383|1|384|0|385|0|386|0|387|1|388|0|389|1|390|0
363A7XIFV4M90JESIAK4Y0C4VTSVA4|A3SWTS84K8LXRG|3QBD8R3Z21J2UUN7YZT0FPRFPKG4OQ|2016-02-16T18:17:42Z|2016-02-16T18:18:33Z|391|1|392|1|393|1|394|1|395|0|396|1|397|1|398|0|399|0|400|1
363A7XIFV4M90JESIAK4Y0C4VTSVA4|AK7U41KDD6VJQ|3VZLGYJEYLA5R0POKJ6MSYVH2LFXZV|2016-02-16T20:34:02Z|2016-02-16T20:36:20Z|391|1|392|1|393|0|394|1|395|0|396|0|397|1|398|1|399|0|400|0
363A7XIFV4M90JESIAK4Y0C4VTSVA4|A3QLYZRBCASWI3|3BDCF01OGXUAMGYUAE1F3XRSPMMLYZ|2016-02-17T01:57:55Z|2016-02-17T02:00:10Z|391|1|392|1|393|0|394|1|395|0|396|1|397|0|398|1|399|0|400|0
