3O0M2G5VC62W1NL8685HTF17D1H49B|A1A1A9UHNQCI9Y|3S96KQ6I9M4V7IB8NRGSC3R943LTDA|2016-02-23T18:40:21Z|2016-02-23T18:41:11Z|1231|0|1232|0|1233|0|1234|1|1235|1|1236|0|1237|0|1238|0|1239|0|1240|1
3O0M2G5VC62W1NL8685HTF17D1H49B|A32QOCAC7XZJCP|3Z7ISHFUH0VFCZOGCBUUCZEPE8F8Z4|2016-02-23T18:54:03Z|2016-02-23T18:54:50Z|1231|0|1232|0|1233|0|1234|1|1235|1|1236|0|1237|1|1238|0|1239|0|1240|1
3O0M2G5VC62W1NL8685HTF17D1H49B|A324J3PKWTCJS3|3Y5140Z9DXGEN1YNYO8JYQ6P760IPQ|2016-02-23T19:40:36Z|2016-02-23T19:40:47Z|1231|1|1232|1|1233|1|1234|0|1235|0|1236|0|1237|1|1238|1|1239|0|1240|1
3O0M2G5VC62W1NL8685HTF17D1H49B|A1WKC33YFTKWJC|3L4PIM1GQTGLPET7FYYBP90SY9IYR4|2016-02-23T22:36:59Z|2016-02-23T22:37:40Z|1231|0|1232|0|1233|0|1234|1|1235|1|1236|0|1237|1|1238|0|1239|0|1240|1
3O0M2G5VC62W1NL8685HTF17D1H49B|AMKWR51EXOPA4|3KIBXJ1WD5UN8WCAJRGGM6GCP88KO7|2016-02-23T23:02:22Z|2016-02-23T23:02:49Z|1231|0|1232|0|1233|0|1234|0|1235|0|1236|0|1237|0|1238|1|1239|1|1240|1
3O0M2G5VC62W1NL8685HTF17D1H49B|A2LBUK8ZN41NN6|3BXQMRHWKZYDBPWA0P550P05W3SMU0|2016-02-24T03:04:39Z|2016-02-24T03:05:16Z|1231|1|1232|0|1233|1|1234|0|1235|1|1236|0|1237|0|1238|1|1239|0|1240|1
3O0M2G5VC62W1NL8685HTF17D1H49B|A2BIB960QFJWZD|32Q90QCQ1SL1W5ZLPDDKHUMYLBKEKP|2016-02-24T05:23:03Z|2016-02-24T05:23:25Z|1231|0|1232|0|1233|0|1234|0|1235|0|1236|0|1237|1|1238|0|1239|0|1240|0
3O0M2G5VC62W1NL8685HTF17D1H49B|A8NE1BQNCZKO3|3X65QVEQI0NXJDXPEMJQ66ZAP0YCLL|2016-02-24T06:26:05Z|2016-02-24T06:27:11Z|1231|0|1232|0|1233|0|1234|1|1235|1|1236|0|1237|1|1238|0|1239|0|1240|1
3O0M2G5VC62W1NL8685HTF17D1H49B|A1MY1NJKYL2A5G|3Z4AIRP3C6D8W44GC8XU04B6SCGX11|2016-02-24T06:26:19Z|2016-02-24T06:27:18Z|1231|0|1232|0|1233|0|1234|1|1235|1|1236|0|1237|1|1238|0|1239|0|1240|1
3O0M2G5VC62W1NL8685HTF17D1H49B|AMKBLZ2CJ7KLO|30JNVC0OR9KZRIOISJ5NYJVKCZQHQQ|2016-02-24T09:21:52Z|2016-02-24T09:22:55Z|1231|0|1232|0|1233|0|1234|1|1235|1|1236|0|1237|1|1238|0|1239|0|1240|1
3O0M2G5VC62W1NL8685HTF17D1H49B|AKNJ0JN48VOTO|3NQL1CS15R8DILAOOI3LQ6PVJPMYV8|2016-02-24T15:12:14Z|2016-02-24T15:13:32Z|1231|0|1232|0|1233|0|1234|1|1235|1|1236|0|1237|1|1238|0|1239|0|1240|1
3O0M2G5VC62W1NL8685HTF17D1H49B|A11GZD9WJCPS4J|3S96KQ6I9M4V7IB8NRGSC3R94G6DT5|2016-02-24T15:26:10Z|2016-02-24T15:27:17Z|1231|0|1232|0|1233|0|1234|0|1235|1|1236|0|1237|1|1238|0|1239|0|1240|1
3L2OEKSTW9ACLPGIQNNA98A3OVWY8X|A2TRHLKQ4IWLIB|3RGU30DZTA84X9LGOQ1RTNRUFFYJMP|2016-02-23T19:10:04Z|2016-02-23T19:11:05Z|1221|1|1222|1|1223|0|1224|0|1225|0|1226|1|1227|0|1228|1|1229|0|1230|1
3L2OEKSTW9ACLPGIQNNA98A3OVWY8X|A1M8AYAL3L8ACP|3EWIJTFFVO7ZJFSHLK32YA7P7610EE|2016-02-23T21:01:19Z|2016-02-23T21:01:58Z|1221|0|1222|1|1223|0|1224|0|1225|0|1226|1|1227|0|1228|1|1229|0|1230|1
3L2OEKSTW9ACLPGIQNNA98A3OVWY8X|AMKWR51EXOPA4|3X66WABAJWITKLN5A2B90BQ8N0M3GJ|2016-02-23T22:49:22Z|2016-02-23T22:49:43Z|1221|0|1222|0|1223|0|1224|0|1225|0|1226|0|1227|0|1228|0|1229|0|1230|0
3L2OEKSTW9ACLPGIQNNA98A3OVWY8X|A1WKC33YFTKWJC|3P1L2B7AD1PYS2US4RSH16TRE87OL8|2016-02-23T22:55:26Z|2016-02-23T22:56:07Z|1221|0|1222|0|1223|0|1224|0|1225|0|1226|1|1227|0|1228|0|1229|0|1230|1
3L2OEKSTW9ACLPGIQNNA98A3OVWY8X|A324J3PKWTCJS3|3O7L7BFSHEPAQA9XPAS84E7LT5KEIZ|2016-02-24T02:04:05Z|2016-02-24T02:04:23Z|1221|0|1222|1|1223|0|1224|1|1225|0|1226|1|1227|0|1228|1|1229|0|1230|1
3L2OEKSTW9ACLPGIQNNA98A3OVWY8X|A2LBUK8ZN41NN6|3HYA4D452RJYL3VRVIRMZGL4GBOF2V|2016-02-24T02:45:49Z|2016-02-24T02:47:12Z|1221|0|1222|0|1223|0|1224|0|1225|0|1226|0|1227|0|1228|0|1229|0|1230|0
3L2OEKSTW9ACLPGIQNNA98A3OVWY8X|A2BIB960QFJWZD|386PBUZZXFXKRR3VOE0CTAC5FJEJLB|2016-02-24T04:51:14Z|2016-02-24T04:51:49Z|1221|0|1222|0|1223|0|1224|0|1225|0|1226|0|1227|0|1228|0|1229|0|1230|1
3L2OEKSTW9ACLPGIQNNA98A3OVWY8X|A8NE1BQNCZKO3|3U5NZHP4LR2ER6N3S6QYYE5A723HPW|2016-02-24T06:22:10Z|2016-02-24T06:23:18Z|1221|0|1222|1|1223|0|1224|1|1225|0|1226|1|1227|0|1228|0|1229|0|1230|1
3L2OEKSTW9ACLPGIQNNA98A3OVWY8X|AJ8FJQ70DDB8T|33CID57104T96D16LT8PD3VGJOI3LD|2016-02-24T09:03:27Z|2016-02-24T09:04:33Z|1221|0|1222|0|1223|0|1224|0|1225|0|1226|1|1227|0|1228|0|1229|0|1230|1
3L2OEKSTW9ACLPGIQNNA98A3OVWY8X|A11GZD9WJCPS4J|333U7HK6I9F1TFF3BX2OAX406E5JDW|2016-02-24T14:55:20Z|2016-02-24T14:56:29Z|1221|1|1222|1|1223|0|1224|0|1225|0|1226|1|1227|0|1228|0|1229|0|1230|1
3L2OEKSTW9ACLPGIQNNA98A3OVWY8X|A1QL9C7SQYFRTF|3LOTDFNYA7ZKXJTY92GTNN1TKNVWFG|2016-02-24T14:59:27Z|2016-02-24T15:00:28Z|1221|0|1222|1|1223|0|1224|0|1225|0|1226|1|1227|0|1228|0|1229|0|1230|1
3L2OEKSTW9ACLPGIQNNA98A3OVWY8X|AKNJ0JN48VOTO|304SM51WA341DL09KVKW787NZDPSBZ|2016-02-24T15:59:18Z|2016-02-24T16:00:17Z|1221|0|1222|0|1223|0|1224|0|1225|0|1226|1|1227|1|1228|1|1229|0|1230|1
36KM3FWE3RCBOGFE8AKV3GKO1ZD70M|A3LKPKKY5MJN1T|3VJ40NV2QINMBF2XD0U8NX388J6OTK|2016-02-23T21:05:34Z|2016-02-23T21:06:15Z|1211|0|1212|0|1213|0|1214|1|1215|0|1216|0|1217|0|1218|1|1219|1|1220|0
36KM3FWE3RCBOGFE8AKV3GKO1ZD70M|A1WKC33YFTKWJC|3RANCT1ZVFHHSYSD90FWM9PBK08UBV|2016-02-23T22:41:15Z|2016-02-23T22:42:20Z|1211|0|1212|0|1213|1|1214|1|1215|0|1216|0|1217|0|1218|1|1219|1|1220|1
36KM3FWE3RCBOGFE8AKV3GKO1ZD70M|AMKWR51EXOPA4|3V5Q80FXIXR35RFYBNQKY7W7DHQ329|2016-02-23T23:03:15Z|2016-02-23T23:03:37Z|1211|0|1212|0|1213|0|1214|0|1215|0|1216|0|1217|0|1218|0|1219|1|1220|1
36KM3FWE3RCBOGFE8AKV3GKO1ZD70M|A25EH8ZCH4ELVS|3UJ1CZ6IZHPZO5J0JLTJ4M7VP9I5SA|2016-02-24T00:59:59Z|2016-02-24T01:01:01Z|1211|0|1212|0|1213|1|1214|1|1215|0|1216|0|1217|0|1218|0|1219|1|1220|1
36KM3FWE3RCBOGFE8AKV3GKO1ZD70M|A324J3PKWTCJS3|3J2UYBXQQLCV60Z2F2K4MMFCQDT60P|2016-02-24T01:28:03Z|2016-02-24T01:29:09Z|1211|0|1212|0|1213|1|1214|1|1215|0|1216|1|1217|1|1218|1|1219|1|1220|0
36KM3FWE3RCBOGFE8AKV3GKO1ZD70M|A2LBUK8ZN41NN6|3QIYRE09Y3H3KAQCA2AL22K8QW5N12|2016-02-24T03:06:22Z|2016-02-24T03:06:44Z|1211|0|1212|1|1213|0|1214|1|1215|0|1216|1|1217|0|1218|1|1219|0|1220|1
36KM3FWE3RCBOGFE8AKV3GKO1ZD70M|AWHCA5PZ6MTKB|3GFK2QRXX9HSVM093Q3K1BAGVPG5WX|2016-02-24T04:31:31Z|2016-02-24T04:32:33Z|1211|0|1212|0|1213|1|1214|1|1215|0|1216|0|1217|0|1218|1|1219|1|1220|0
36KM3FWE3RCBOGFE8AKV3GKO1ZD70M|A2BIB960QFJWZD|3CFVK00FWLL83WOO4V6NK670TD16LZ|2016-02-24T05:17:28Z|2016-02-24T05:17:52Z|1211|0|1212|0|1213|0|1214|0|1215|0|1216|0|1217|0|1218|1|1219|0|1220|0
36KM3FWE3RCBOGFE8AKV3GKO1ZD70M|A8NE1BQNCZKO3|337RC3OW052TIM3P53EVWYNZA7KLVZ|2016-02-24T06:50:03Z|2016-02-24T06:51:14Z|1211|0|1212|0|1213|1|1214|1|1215|0|1216|0|1217|0|1218|1|1219|1|1220|0
36KM3FWE3RCBOGFE8AKV3GKO1ZD70M|A1M8AYAL3L8ACP|3A4TN5196KIVXHEZN14SEE638L7CH0|2016-02-24T11:10:10Z|2016-02-24T11:10:52Z|1211|0|1212|0|1213|1|1214|1|1215|0|1216|1|1217|1|1218|1|1219|1|1220|0
36KM3FWE3RCBOGFE8AKV3GKO1ZD70M|AKNJ0JN48VOTO|3Z9WI9EOZZODGFQNFELQ2XJBDVWHK0|2016-02-24T14:49:39Z|2016-02-24T14:50:47Z|1211|0|1212|0|1213|0|1214|1|1215|0|1216|1|1217|0|1218|1|1219|1|1220|1
36KM3FWE3RCBOGFE8AKV3GKO1ZD70M|A11GZD9WJCPS4J|3QUO65DNQUO1BSHMD5KISTPAR91OUN|2016-02-24T16:20:50Z|2016-02-24T16:22:38Z|1211|0|1212|0|1213|1|1214|1|1215|0|1216|0|1217|0|1218|0|1219|0|1220|0
36KM3FWE3RCBOGFE8AKV3GKO1ZD70M|ACKRZUNDP6F8N|35L9RVQFCOIRJBVZ9SPS8KS9FOSHUZ|2016-02-24T18:14:47Z|2016-02-24T18:15:56Z|1211|0|1212|0|1213|1|1214|1|1215|1|1216|1|1217|0|1218|1|1219|1|1220|0
3ZQA3IO31BRIGBSVLF5XS7PTWGT1O9|A324J3PKWTCJS3|3S0TNUHWKTIC9YJKKT5XL7VMQRTD80|2016-02-23T19:42:00Z|2016-02-23T19:42:11Z|1201|1|1202|1|1203|0|1204|0|1205|1|1206|1|1207|1|1208|0|1209|0|1210|0
3ZQA3IO31BRIGBSVLF5XS7PTWGT1O9|ABKPRL0J5P06O|3TK8OJTYM1LJ97INXV72DFWJF9JVPP|2016-02-23T21:09:46Z|2016-02-23T21:11:02Z|1201|1|1202|0|1203|0|1204|0|1205|0|1206|0|1207|1|1208|0|1209|0|1210|0
3ZQA3IO31BRIGBSVLF5XS7PTWGT1O9|A1WKC33YFTKWJC|3D8YOU6S9EKBMMBID9YOBT3J6ZD6U2|2016-02-23T23:03:09Z|2016-02-23T23:03:55Z|1201|1|1202|1|1203|0|1204|0|1205|0|1206|0|1207|1|1208|1|1209|1|1210|1
3ZQA3IO31BRIGBSVLF5XS7PTWGT1O9|AMKWR51EXOPA4|3OXV7EAXLEQRNSYZYP2NOKDJTMS63T|2016-02-23T23:03:37Z|2016-02-23T23:03:57Z|1201|0|1202|0|1203|0|1204|0|1205|0|1206|0|1207|0|1208|0|1209|0|1210|0
3ZQA3IO31BRIGBSVLF5XS7PTWGT1O9|A2LBUK8ZN41NN6|3Y54SXRO1LLHOKMU9M6HM3VXQBQTUA|2016-02-24T03:10:27Z|2016-02-24T03:11:13Z|1201|1|1202|0|1203|0|1204|0|1205|1|1206|0|1207|0|1208|1|1209|0|1210|0
3ZQA3IO31BRIGBSVLF5XS7PTWGT1O9|A11SNM1TWVAWTS|31JLPPHS2UUHCY43YLOH5KZAEQV3OW|2016-02-24T03:22:52Z|2016-02-24T03:24:27Z|1201|1|1202|1|1203|1|1204|0|1205|0|1206|0|1207|1|1208|0|1209|1|1210|0
3ZQA3IO31BRIGBSVLF5XS7PTWGT1O9|A2BIB960QFJWZD|37U1UTWH9VM6A82P2U0HQWCQ50FR8V|2016-02-24T05:18:57Z|2016-02-24T05:19:26Z|1201|1|1202|1|1203|0|1204|0|1205|0|1206|0|1207|0|1208|0|1209|0|1210|0
3ZQA3IO31BRIGBSVLF5XS7PTWGT1O9|A9MK3VLKHHXJ6|37U1UTWH9VM6A82P2U0HQWCQ51O8RN|2016-02-24T05:43:33Z|2016-02-24T05:48:47Z|1201|1|1202|0|1203|0|1204|0|1205|1|1206|0|1207|1|1208|0|1209|0|1210|0
3ZQA3IO31BRIGBSVLF5XS7PTWGT1O9|A8NE1BQNCZKO3|3R5F3LQFV2KIXRBWJSJQ9L4PTNKZOJ|2016-02-24T06:14:46Z|2016-02-24T06:16:14Z|1201|1|1202|1|1203|0|1204|0|1205|1|1206|0|1207|1|1208|1|1209|1|1210|1
3ZQA3IO31BRIGBSVLF5XS7PTWGT1O9|A1HVP51VLTA16X|3VFJCI1K4ZZL3N87LSC5I9TOTKIGRS|2016-02-24T06:38:38Z|2016-02-24T06:39:30Z|1201|1|1202|1|1203|1|1204|0|1205|1|1206|0|1207|1|1208|1|1209|0|1210|1
3ZQA3IO31BRIGBSVLF5XS7PTWGT1O9|AK7U41KDD6VJQ|3FFJ6VRIL1OBZKU3H3TTJP5HZ9NI04|2016-02-24T11:01:18Z|2016-02-24T11:02:23Z|1201|0|1202|0|1203|1|1204|0|1205|1|1206|0|1207|0|1208|0|1209|0|1210|0
3ZQA3IO31BRIGBSVLF5XS7PTWGT1O9|AKNJ0JN48VOTO|3OXV7EAXLEQRNSYZYP2NOKDJTV636M|2016-02-24T15:25:30Z|2016-02-24T15:26:41Z|1201|1|1202|0|1203|1|1204|1|1205|1|1206|1|1207|1|1208|1|1209|1|1210|0
3ZQA3IO31BRIGBSVLF5XS7PTWGT1O9|A11GZD9WJCPS4J|3NLZY2D53PP1DE78J4KLQBORTI9LQF|2016-02-24T15:30:46Z|2016-02-24T15:31:59Z|1201|1|1202|0|1203|0|1204|0|1205|1|1206|0|1207|1|1208|1|1209|0|1210|0
3N7PQ0KLI5PSENTLE5GKBOACQY03EY|A28LT6FH15V4XO|326O153BMIYTIZTBXWRXDHR81U1EDA|2016-02-23T19:56:46Z|2016-02-23T19:57:37Z|351|0|352|1|353|0|354|0|355|1|356|0|357|0|358|0|359|1|360|1
3N7PQ0KLI5PSENTLE5GKBOACQY03EY|A3BKT9H4GNKLY7|3PQ8K71NHXKSUF9NXHY9RXTBVEKAAR|2016-02-23T22:23:13Z|2016-02-23T22:23:50Z|351|0|352|1|353|0|354|0|355|1|356|0|357|0|358|0|359|0|360|1
3N7PQ0KLI5PSENTLE5GKBOACQY03EY|A1WKC33YFTKWJC|3KWTYT08703CKSOAZCWIS0T0XDZL5X|2016-02-23T22:50:23Z|2016-02-23T22:51:11Z|351|0|352|1|353|0|354|0|355|1|356|0|357|0|358|0|359|0|360|1
3N7PQ0KLI5PSENTLE5GKBOACQY03EY|AMKWR51EXOPA4|3YJ6NA41JBGAICITG6TJARLPKOXPJN|2016-02-23T22:52:46Z|2016-02-23T22:53:15Z|351|0|352|0|353|0|354|0|355|0|356|0|357|0|358|0|359|0|360|0
3N7PQ0KLI5PSENTLE5GKBOACQY03EY|A324J3PKWTCJS3|3RGU30DZTA84X9LGOQ1RTNRUFLYMJ4|2016-02-24T01:05:30Z|2016-02-24T01:07:13Z|351|1|352|0|353|0|354|1|355|1|356|0|357|0|358|0|359|0|360|0
3N7PQ0KLI5PSENTLE5GKBOACQY03EY|A2LBUK8ZN41NN6|3X3OR7WPZZ0V7A7CXA3L4K3RZ7A8L4|2016-02-24T03:05:37Z|2016-02-24T03:06:00Z|351|0|352|1|353|0|354|1|355|0|356|1|357|0|358|1|359|0|360|1
3N7PQ0KLI5PSENTLE5GKBOACQY03EY|A2BIB960QFJWZD|37ZHEEHM6WMARSC4HZ7FUYDFO2N73E|2016-02-24T04:53:09Z|2016-02-24T04:57:43Z|351|1|352|1|353|0|354|0|355|1|356|0|357|0|358|0|359|0|360|0
3N7PQ0KLI5PSENTLE5GKBOACQY03EY|A1MY1NJKYL2A5G|339ANSOTR52DCA17LW3B29KQD5EKIT|2016-02-24T06:29:56Z|2016-02-24T06:30:47Z|351|0|352|0|353|0|354|0|355|1|356|0|357|0|358|0|359|0|360|1
3N7PQ0KLI5PSENTLE5GKBOACQY03EY|A1HVP51VLTA16X|3LOZAJ85YDDFLPMCVCX85NLBKIY2XR|2016-02-24T06:36:24Z|2016-02-24T06:37:08Z|351|0|352|0|353|0|354|0|355|1|356|0|357|0|358|0|359|0|360|1
3N7PQ0KLI5PSENTLE5GKBOACQY03EY|A8NE1BQNCZKO3|34Z02EIMISD18YAEBFSXXW7QAPA0T8|2016-02-24T08:13:58Z|2016-02-24T08:15:03Z|351|0|352|1|353|0|354|0|355|1|356|0|357|0|358|0|359|0|360|1
3N7PQ0KLI5PSENTLE5GKBOACQY03EY|A1M8AYAL3L8ACP|339ANSOTR52DCA17LW3B29KQD6IKIZ|2016-02-24T10:03:24Z|2016-02-24T10:04:00Z|351|0|352|1|353|0|354|0|355|1|356|0|357|0|358|0|359|0|360|1
3N7PQ0KLI5PSENTLE5GKBOACQY03EY|A1QL9C7SQYFRTF|3S06PH7KSR4UYYZZL8WI6X8ECXLD12|2016-02-24T13:49:48Z|2016-02-24T13:51:10Z|351|0|352|1|353|0|354|0|355|1|356|0|357|0|358|0|359|1|360|1
3N7PQ0KLI5PSENTLE5GKBOACQY03EY|AKNJ0JN48VOTO|34BBWHLWHAB47AVOAAMEQKEL0FXWIH|2016-02-24T15:34:45Z|2016-02-24T15:35:53Z|351|1|352|1|353|0|354|0|355|1|356|0|357|0|358|0|359|0|360|1
3N7PQ0KLI5PSENTLE5GKBOACQY03EY|A11GZD9WJCPS4J|3IO1LGZLK9XDOP45A6XJF1LU9II683|2016-02-24T16:28:15Z|2016-02-24T16:29:09Z|351|0|352|1|353|0|354|0|355|1|356|0|357|0|358|0|359|0|360|1
3N7PQ0KLI5PSENTLE5GKBOACQY03EY|AK7U41KDD6VJQ|3NC5L260MOMCSAKWIGPJ6TO7HNOFOJ|2016-02-24T18:07:44Z|2016-02-24T18:09:19Z|351|0|352|0|353|0|354|0|355|1|356|0|357|0|358|0|359|0|360|0
3N7PQ0KLI5PSENTLE5GKBOACQY03EY|A2S1BEE53WY5IX|3S96KQ6I9M4V7IB8NRGSC3R94IXTDG|2016-02-24T18:28:48Z|2016-02-24T18:29:25Z|351|0|352|1|353|0|354|0|355|1|356|0|357|0|358|0|359|1|360|1
3RBI0I35XE3QKSACE6SEIR2S894Y35|A3I9XLIHPPWPN1|3QXNC7EIPIVIOJ10D9NG6W6EG8409L|2016-02-23T19:45:25Z|2016-02-23T19:46:04Z|341|0|342|0|343|1|344|1|345|0|346|0|347|1|348|0|349|1|350|0
3RBI0I35XE3QKSACE6SEIR2S894Y35|A3C7Q6BU035NMO|3RU7GD8VPOT3HF1J302X2SCCG4WPSJ|2016-02-23T20:23:40Z|2016-02-23T20:25:38Z|341|1|342|0|343|1|344|1|345|0|346|0|347|1|348|0|349|1|350|0
3RBI0I35XE3QKSACE6SEIR2S894Y35|A1M8AYAL3L8ACP|3NL0RFNU0FNJ432S071788A78GWK4J|2016-02-23T21:40:47Z|2016-02-23T21:41:33Z|341|1|342|0|343|1|344|1|345|0|346|0|347|0|348|0|349|0|350|0
3RBI0I35XE3QKSACE6SEIR2S894Y35|A1WKC33YFTKWJC|3X65QVEQI0NXJDXPEMJQ66ZAPTBLCT|2016-02-23T22:34:36Z|2016-02-23T22:35:23Z|341|1|342|0|343|0|344|1|345|0|346|0|347|1|348|0|349|0|350|0
3RBI0I35XE3QKSACE6SEIR2S894Y35|AMKWR51EXOPA4|358UUM7WRZ32AUX6SP8BCWGVUBR7RW|2016-02-23T23:01:14Z|2016-02-23T23:01:36Z|341|0|342|0|343|0|344|0|345|0|346|1|347|1|348|1|349|1|350|1
3RBI0I35XE3QKSACE6SEIR2S894Y35|ABKPRL0J5P06O|3AUQQEL7U5TGLQE3GASCYEVB73FV0U|2016-02-23T23:25:50Z|2016-02-23T23:27:06Z|341|0|342|0|343|1|344|1|345|0|346|0|347|1|348|0|349|1|350|0
3RBI0I35XE3QKSACE6SEIR2S894Y35|A2LBUK8ZN41NN6|3FE7TXL1LINVCSL09Y2GBFPIND8Q2B|2016-02-24T03:11:13Z|2016-02-24T03:11:59Z|341|1|342|0|343|1|344|0|345|0|346|0|347|0|348|1|349|0|350|0
3RBI0I35XE3QKSACE6SEIR2S894Y35|A324J3PKWTCJS3|3VBEN272MKZX428K0HCA8JYKFKZSGM|2016-02-24T03:15:45Z|2016-02-24T03:16:01Z|341|0|342|0|343|0|344|1|345|0|346|0|347|1|348|0|349|0|350|0
3RBI0I35XE3QKSACE6SEIR2S894Y35|AWHCA5PZ6MTKB|3DEL4X4EL6L5MAFJOX43ERMGZWQXYY|2016-02-24T04:32:36Z|2016-02-24T04:33:39Z|341|0|342|0|343|1|344|1|345|0|346|0|347|1|348|0|349|0|350|0
3RBI0I35XE3QKSACE6SEIR2S894Y35|A2BIB960QFJWZD|3NLZY2D53PP1DE78J4KLQBORTEEQLH|2016-02-24T05:23:46Z|2016-02-24T05:24:14Z|341|1|342|0|343|0|344|0|345|0|346|0|347|0|348|0|349|0|350|0
3RBI0I35XE3QKSACE6SEIR2S894Y35|A8NE1BQNCZKO3|3U8YCDAGXPGOGIIMUBY2SRW3QHRQ0Y|2016-02-24T06:35:49Z|2016-02-24T06:36:59Z|341|1|342|1|343|1|344|1|345|0|346|0|347|1|348|0|349|1|350|1
3RBI0I35XE3QKSACE6SEIR2S894Y35|AK7U41KDD6VJQ|3WMOAN2SRBXJ6M6AHGUA9QROF3SVNL|2016-02-24T10:52:38Z|2016-02-24T10:53:41Z|341|0|342|0|343|0|344|0|345|0|346|0|347|0|348|0|349|0|350|1
3RBI0I35XE3QKSACE6SEIR2S894Y35|A1QL9C7SQYFRTF|3Z7ISHFUH0VFCZOGCBUUCZEPEKZ8ZC|2016-02-24T13:41:15Z|2016-02-24T13:42:33Z|341|0|342|1|343|1|344|1|345|0|346|0|347|1|348|0|349|0|350|0
3RBI0I35XE3QKSACE6SEIR2S894Y35|AX990JJDWNSV2|3BXQMRHWKZYDBPWA0P550P05W8BMUT|2016-02-24T13:48:48Z|2016-02-24T13:51:19Z|341|0|342|0|343|1|344|1|345|0|346|1|347|1|348|0|349|0|350|0
3RBI0I35XE3QKSACE6SEIR2S894Y35|AKNJ0JN48VOTO|3S4AW7T80BIUO9KAL7D8N8NMXR44LV|2016-02-24T16:05:30Z|2016-02-24T16:06:39Z|341|1|342|0|343|1|344|1|345|0|346|1|347|1|348|0|349|0|350|0
3RBI0I35XE3QKSACE6SEIR2S894Y35|A11GZD9WJCPS4J|3TS1AR6UQQE574SX1U8HV72CRXG7FL|2016-02-24T16:32:53Z|2016-02-24T16:33:52Z|341|0|342|0|343|0|344|1|345|0|346|0|347|0|348|0|349|0|350|0
3RBI0I35XE3QKSACE6SEIR2S894Y35|A17EWYBEPWNY4M|3IXQG4FA2TYJ864ABPK5QD2X7PI9BN|2016-02-24T16:50:07Z|2016-02-24T16:50:59Z|341|0|342|0|343|1|344|1|345|0|346|0|347|1|348|0|349|1|350|0
3RBI0I35XE3QKSACE6SEIR2S894Y35|A2S1BEE53WY5IX|38BQUHLA9W0IYKCD43TW1J8GEO8MO5|2016-02-24T18:30:42Z|2016-02-24T18:32:44Z|341|1|342|0|343|1|344|1|345|0|346|0|347|1|348|0|349|1|350|0
33IXYHIZB5I3T5X2A52FSE5KKK0E2Y|A2HVG934DIDSXQ|3VSOLARPKB9E5B0XWW5Z8U4LJJT93S|2016-02-23T18:41:45Z|2016-02-23T18:42:43Z|331|0|332|1|333|1|334|1|335|0|336|1|337|0|338|1|339|1|340|0
33IXYHIZB5I3T5X2A52FSE5KKK0E2Y|A2TRHLKQ4IWLIB|3BEFOD78W6TEUR2VLJENNL2BXI7M40|2016-02-23T19:07:23Z|2016-02-23T19:08:07Z|331|0|332|1|333|1|334|1|335|0|336|1|337|0|338|1|339|1|340|0
33IXYHIZB5I3T5X2A52FSE5KKK0E2Y|A3F52M330VFQEN|3WZ36BJEV3G2SLDO9VPMHD391JEBTS|2016-02-23T19:59:22Z|2016-02-23T20:00:05Z|331|0|332|1|333|1|334|1|335|1|336|1|337|0|338|1|339|1|340|0
33IXYHIZB5I3T5X2A52FSE5KKK0E2Y|AMKWR51EXOPA4|3VFJCI1K4ZZL3N87LSC5I9TOTE1RGA|2016-02-23T22:50:04Z|2016-02-23T22:50:29Z|331|1|332|1|333|1|334|1|335|1|336|1|337|1|338|1|339|1|340|1
33IXYHIZB5I3T5X2A52FSE5KKK0E2Y|A1WKC33YFTKWJC|3OHYZ19UGC5HWJ3O703RSSDGKWCAOG|2016-02-23T23:00:15Z|2016-02-23T23:01:09Z|331|0|332|0|333|1|334|1|335|0|336|1|337|0|338|1|339|1|340|0
33IXYHIZB5I3T5X2A52FSE5KKK0E2Y|A324J3PKWTCJS3|3GM6G9ZBKNXYBCHL0KFVVTE3DORTMK|2016-02-24T02:05:24Z|2016-02-24T02:05:59Z|331|0|332|0|333|1|334|0|335|0|336|1|337|0|338|0|339|1|340|0
33IXYHIZB5I3T5X2A52FSE5KKK0E2Y|A2LBUK8ZN41NN6|3K772S5NP8BAUFYDJSAN4266TTPEHS|2016-02-24T02:41:23Z|2016-02-24T02:42:42Z|331|0|332|0|333|1|334|0|335|1|336|1|337|0|338|0|339|0|340|0
33IXYHIZB5I3T5X2A52FSE5KKK0E2Y|A2BIB960QFJWZD|3QY7M81QH7MGNQKB25ZEBKUHZOEK77|2016-02-24T05:11:00Z|2016-02-24T05:11:32Z|331|0|332|0|333|0|334|0|335|0|336|1|337|0|338|0|339|0|340|0
33IXYHIZB5I3T5X2A52FSE5KKK0E2Y|A1MY1NJKYL2A5G|3LJ7UR74RHDKC9NVXKTN00RB2IJN4N|2016-02-24T06:32:49Z|2016-02-24T06:34:13Z|331|0|332|1|333|1|334|1|335|1|336|1|337|0|338|1|339|0|340|0
33IXYHIZB5I3T5X2A52FSE5KKK0E2Y|A1JVUD5XUB9H48|3Y5140Z9DXGEN1YNYO8JYQ6P7FPPI4|2016-02-24T06:50:51Z|2016-02-24T06:54:16Z|331|0|332|0|333|1|334|1|335|1|336|1|337|0|338|0|339|1|340|0
33IXYHIZB5I3T5X2A52FSE5KKK0E2Y|A8NE1BQNCZKO3|3IHR8NYAM71KFUZ8DZ6F4PW62XQP4R|2016-02-24T06:57:56Z|2016-02-24T06:58:58Z|331|0|332|1|333|1|334|1|335|0|336|1|337|0|338|1|339|1|340|0
33IXYHIZB5I3T5X2A52FSE5KKK0E2Y|A3RBT1V8BGYB2K|3TMFV4NEP8EBI4JB1OANDVK7XHYW8B|2016-02-24T07:53:54Z|2016-02-24T07:54:53Z|331|0|332|1|333|1|334|1|335|0|336|1|337|0|338|1|339|1|340|0
33IXYHIZB5I3T5X2A52FSE5KKK0E2Y|A11GZD9WJCPS4J|3JV9LGBJWTEI6AGRT0V1OEOJI0UOGT|2016-02-24T14:50:48Z|2016-02-24T14:52:02Z|331|0|332|1|333|1|334|1|335|0|336|1|337|0|338|1|339|1|340|0
33IXYHIZB5I3T5X2A52FSE5KKK0E2Y|AKNJ0JN48VOTO|3R3YRB5GRF3C9ONL3MF0RY552RCUA7|2016-02-24T15:15:15Z|2016-02-24T15:16:36Z|331|0|332|0|333|1|334|0|335|0|336|1|337|0|338|0|339|1|340|0
33IXYHIZB5I3T5X2A52FSE5KKK0E2Y|AK7U41KDD6VJQ|3R2PKQ87NW882Y1A68GRHMCU2FZMI0|2016-02-24T18:01:44Z|2016-02-24T18:02:54Z|331|0|332|1|333|0|334|1|335|0|336|0|337|0|338|1|339|1|340|0
3XH7ZM9YX2U32TN6HK1U18CH5F19RZ|A2TRHLKQ4IWLIB|3XXU1SWE8MVWT2B55F1G2RHYMP4A0Q|2016-02-23T19:12:38Z|2016-02-23T19:13:23Z|321|0|322|1|323|1|324|0|325|1|326|0|327|0|328|0|329|0|330|1
3XH7ZM9YX2U32TN6HK1U18CH5F19RZ|A28LT6FH15V4XO|384PI804XS10TYXZMFN7NRB48W20S5|2016-02-23T19:57:37Z|2016-02-23T19:58:29Z|321|0|322|1|323|1|324|0|325|1|326|0|327|0|328|1|329|0|330|0
3XH7ZM9YX2U32TN6HK1U18CH5F19RZ|A324J3PKWTCJS3|37UEWGM5HT8OZ8I439R2BMPIRO6R1W|2016-02-23T22:30:33Z|2016-02-23T22:30:53Z|321|1|322|1|323|0|324|0|325|1|326|1|327|0|328|1|329|0|330|0
3XH7ZM9YX2U32TN6HK1U18CH5F19RZ|A1WKC33YFTKWJC|3X3OR7WPZZ0V7A7CXA3L4K3RZ3X8LJ|2016-02-23T22:44:41Z|2016-02-23T22:45:30Z|321|0|322|1|323|1|324|0|325|1|326|0|327|0|328|1|329|0|330|1
3XH7ZM9YX2U32TN6HK1U18CH5F19RZ|AMKWR51EXOPA4|3KJYX6QCM9BNNWFP2I2IGJA76CWVJC|2016-02-23T22:50:29Z|2016-02-23T22:50:53Z|321|1|322|1|323|1|324|0|325|0|326|0|327|0|328|0|329|0|330|0
3XH7ZM9YX2U32TN6HK1U18CH5F19RZ|A2LBUK8ZN41NN6|3JZQSN0I3QAO0X3YUXCB1KF5QU1FGM|2016-02-24T03:05:16Z|2016-02-24T03:05:37Z|321|0|322|1|323|0|324|1|325|0|326|1|327|0|328|1|329|0|330|1
3XH7ZM9YX2U32TN6HK1U18CH5F19RZ|A1M8AYAL3L8ACP|3OB0CAO74HP80KF4JTMHB5YMB54YH1|2016-02-24T03:05:37Z|2016-02-24T03:06:11Z|321|0|322|1|323|1|324|0|325|1|326|0|327|0|328|0|329|0|330|0
3XH7ZM9YX2U32TN6HK1U18CH5F19RZ|A2BIB960QFJWZD|3IKZ72A5B4GUAPKKH1P6R4O2R71FNA|2016-02-24T05:09:02Z|2016-02-24T05:09:34Z|321|1|322|0|323|1|324|0|325|1|326|0|327|0|328|0|329|0|330|0
3XH7ZM9YX2U32TN6HK1U18CH5F19RZ|A8NE1BQNCZKO3|30H4UDGLT2I0JKOEJ36BQJD6OOHPMS|2016-02-24T07:37:42Z|2016-02-24T07:39:27Z|321|0|322|1|323|1|324|0|325|1|326|0|327|0|328|0|329|1|330|1
3XH7ZM9YX2U32TN6HK1U18CH5F19RZ|A3E99RF0VMUEAW|3ZR9AIQJUB9HRDVOWERPPOVYUPL406|2016-02-24T07:39:25Z|2016-02-24T07:40:47Z|321|0|322|1|323|0|324|0|325|1|326|0|327|0|328|0|329|0|330|0
3XH7ZM9YX2U32TN6HK1U18CH5F19RZ|A3BKT9H4GNKLY7|39PAAFCODM0H1ZBUECGMIPXG4NYVTA|2016-02-24T14:46:48Z|2016-02-24T14:47:32Z|321|0|322|0|323|0|324|0|325|1|326|0|327|0|328|1|329|0|330|1
3XH7ZM9YX2U32TN6HK1U18CH5F19RZ|AKNJ0JN48VOTO|3NC5L260MOMCSAKWIGPJ6TO7HL3FOU|2016-02-24T15:23:30Z|2016-02-24T15:24:30Z|321|0|322|1|323|0|324|0|325|0|326|0|327|0|328|0|329|0|330|1
3XH7ZM9YX2U32TN6HK1U18CH5F19RZ|A11GZD9WJCPS4J|3KXIR214I4GONNY2B1V38CODRRL42E|2016-02-24T16:31:17Z|2016-02-24T16:32:50Z|321|0|322|1|323|0|324|0|325|0|326|0|327|0|328|0|329|0|330|0
3XH7ZM9YX2U32TN6HK1U18CH5F19RZ|AK7U41KDD6VJQ|3YW4XOSQKQLGF0AL73M7GXC2YZQ1UE|2016-02-24T18:00:30Z|2016-02-24T18:01:44Z|321|0|322|1|323|0|324|0|325|1|326|0|327|0|328|0|329|0|330|1
3XH7ZM9YX2U32TN6HK1U18CH5F19RZ|A2S1BEE53WY5IX|3HWRJOOET52ZKOCTUMMM8GD82BFES0|2016-02-24T18:13:40Z|2016-02-24T18:14:19Z|321|0|322|1|323|0|324|0|325|1|326|0|327|0|328|0|329|0|330|0
38RHULDV9YF1LQXVK8HD10J1GK2WI7|A3I9XLIHPPWPN1|3QEMNNSB2XZ89KE1AODR77ZRF7L7D5|2016-02-23T19:38:07Z|2016-02-23T19:38:44Z|311|1|312|0|313|0|314|0|315|0|316|1|317|0|318|1|319|0|320|0
38RHULDV9YF1LQXVK8HD10J1GK2WI7|A28LT6FH15V4XO|3QIYRE09Y3H3KAQCA2AL22K8QPX1NU|2016-02-23T19:54:21Z|2016-02-23T19:55:01Z|311|1|312|0|313|0|314|0|315|0|316|1|317|0|318|1|319|0|320|0
38RHULDV9YF1LQXVK8HD10J1GK2WI7|A2J5T37QADQGAE|3TXMY6UCAEO8AAD26RRMNSY4ZYAQCX|2016-02-23T20:44:02Z|2016-02-23T20:44:43Z|311|1|312|0|313|0|314|0|315|0|316|1|317|0|318|1|319|0|320|0
38RHULDV9YF1LQXVK8HD10J1GK2WI7|ABKPRL0J5P06O|3GD6L00D3SXX2S5CY1VLPNV8L03M1X|2016-02-23T21:11:06Z|2016-02-23T21:11:58Z|311|0|312|0|313|0|314|0|315|0|316|1|317|0|318|1|319|0|320|0
38RHULDV9YF1LQXVK8HD10J1GK2WI7|AMKWR51EXOPA4|34FNN24DCM9WKRV9IRL8M8VW6S4Y53|2016-02-23T22:51:43Z|2016-02-23T22:52:05Z|311|0|312|0|313|0|314|1|315|1|316|1|317|1|318|0|319|0|320|1
38RHULDV9YF1LQXVK8HD10J1GK2WI7|A324J3PKWTCJS3|3NJM2BJS4W6NAYCN6ECXNN8UU6DCPP|2016-02-24T01:24:47Z|2016-02-24T01:25:10Z|311|0|312|0|313|0|314|0|315|0|316|1|317|0|318|1|319|0|320|0
38RHULDV9YF1LQXVK8HD10J1GK2WI7|A2LBUK8ZN41NN6|3YHH42UU5BFDPL2926Q6B5X9G9ZL0V|2016-02-24T03:07:10Z|2016-02-24T03:07:37Z|311|0|312|1|313|0|314|1|315|0|316|1|317|0|318|1|319|0|320|1
38RHULDV9YF1LQXVK8HD10J1GK2WI7|A1M8AYAL3L8ACP|3JPSL1DZ5SZZEY3C6L3ED3DBUQGNAV|2016-02-24T03:20:25Z|2016-02-24T03:20:57Z|311|0|312|0|313|0|314|0|315|0|316|1|317|0|318|1|319|0|320|0
38RHULDV9YF1LQXVK8HD10J1GK2WI7|A2BIB960QFJWZD|382M9COHEHFFZ14XJRHMNHVWN2IUE2|2016-02-24T05:22:10Z|2016-02-24T05:22:37Z|311|0|312|0|313|0|314|0|315|0|316|0|317|0|318|0|319|0|320|0
38RHULDV9YF1LQXVK8HD10J1GK2WI7|A8NE1BQNCZKO3|3XXU1SWE8MVWT2B55F1G2RHYMZBA0H|2016-02-24T06:59:03Z|2016-02-24T06:59:53Z|311|1|312|0|313|0|314|0|315|0|316|1|317|0|318|1|319|0|320|0
38RHULDV9YF1LQXVK8HD10J1GK2WI7|AK7U41KDD6VJQ|3TR2532VIPU2860O1AUA4RU8PQXJ6F|2016-02-24T10:57:59Z|2016-02-24T10:59:03Z|311|0|312|0|313|0|314|0|315|0|316|1|317|0|318|1|319|0|320|0
38RHULDV9YF1LQXVK8HD10J1GK2WI7|A1QL9C7SQYFRTF|33FBRBDW6OZ246D6KXAM11D452E8CE|2016-02-24T13:44:06Z|2016-02-24T13:45:06Z|311|1|312|0|313|0|314|0|315|0|316|1|317|0|318|1|319|0|320|0
38RHULDV9YF1LQXVK8HD10J1GK2WI7|A11GZD9WJCPS4J|3ERET4BTVM9K1984H2XYPGLNUIPK9E|2016-02-24T14:53:19Z|2016-02-24T14:54:09Z|311|0|312|0|313|0|314|0|315|0|316|1|317|0|318|1|319|0|320|0
38RHULDV9YF1LQXVK8HD10J1GK2WI7|AKNJ0JN48VOTO|3SB4CE2TJVV4QSHG8RQNB549WA8XAJ|2016-02-24T16:04:52Z|2016-02-24T16:05:29Z|311|0|312|0|313|0|314|0|315|0|316|1|317|0|318|1|319|0|320|0
3LXX8KJXPW905GVQPSKQ7D7CUSH9OQ|ABKPRL0J5P06O|3COPXFW7XBC5TWOBYRTVB6L2ZBFPK0|2016-02-23T21:14:06Z|2016-02-23T21:15:16Z|301|0|302|1|303|0|304|0|305|1|306|0|307|1|308|0|309|0|310|0
3LXX8KJXPW905GVQPSKQ7D7CUSH9OQ|A1WKC33YFTKWJC|3UJ1CZ6IZHPZO5J0JLTJ4M7VP6T5SF|2016-02-23T22:28:46Z|2016-02-23T22:29:43Z|301|0|302|1|303|0|304|1|305|1|306|0|307|0|308|0|309|0|310|0
3LXX8KJXPW905GVQPSKQ7D7CUSH9OQ|A324J3PKWTCJS3|3JBT3HLQF820IRNXYSW5YL9F3LVPZR|2016-02-23T22:31:33Z|2016-02-23T22:31:41Z|301|1|302|1|303|0|304|0|305|1|306|0|307|1|308|0|309|1|310|1
3LXX8KJXPW905GVQPSKQ7D7CUSH9OQ|AMKWR51EXOPA4|3K2755HG5S3LODT7S7B3VZC8DYLFD4|2016-02-23T23:03:58Z|2016-02-23T23:04:18Z|301|0|302|0|303|0|304|0|305|0|306|0|307|0|308|0|309|0|310|0
3LXX8KJXPW905GVQPSKQ7D7CUSH9OQ|A2LBUK8ZN41NN6|3VD82FOHKQO5PY0MREZIYN34K3ZCOU|2016-02-24T03:02:38Z|2016-02-24T03:03:22Z|301|0|302|1|303|0|304|1|305|0|306|1|307|0|308|1|309|0|310|1
3LXX8KJXPW905GVQPSKQ7D7CUSH9OQ|A2LKGMMTO4DC4Z|33CID57104T96D16LT8PD3VGJMQL3Z|2016-02-24T04:48:14Z|2016-02-24T04:52:58Z|301|0|302|1|303|0|304|0|305|1|306|0|307|1|308|0|309|0|310|1
3LXX8KJXPW905GVQPSKQ7D7CUSH9OQ|A2BIB960QFJWZD|3LEIZ60CDJZFQ47QH308CV90YNAZ9F|2016-02-24T04:57:43Z|2016-02-24T04:58:15Z|301|0|302|1|303|0|304|0|305|0|306|0|307|1|308|0|309|0|310|0
3LXX8KJXPW905GVQPSKQ7D7CUSH9OQ|A9MK3VLKHHXJ6|3RRCEFRB7MCIB0YYUUOE95RHLTV4B5|2016-02-24T06:00:43Z|2016-02-24T06:01:39Z|301|0|302|1|303|0|304|0|305|1|306|0|307|0|308|0|309|0|310|1
3LXX8KJXPW905GVQPSKQ7D7CUSH9OQ|A1MY1NJKYL2A5G|3ATTHHXXWAOJWA0EKFI0S3SS9ERXIT|2016-02-24T06:27:19Z|2016-02-24T06:28:07Z|301|0|302|1|303|0|304|1|305|1|306|0|307|1|308|0|309|0|310|1
3LXX8KJXPW905GVQPSKQ7D7CUSH9OQ|A1HVP51VLTA16X|336KAV9KYQS4LUCM08JAO1SKMORY2S|2016-02-24T06:37:08Z|2016-02-24T06:37:45Z|301|0|302|1|303|0|304|0|305|1|306|0|307|1|308|0|309|0|310|1
3LXX8KJXPW905GVQPSKQ7D7CUSH9OQ|A8NE1BQNCZKO3|3Z7ISHFUH0VFCZOGCBUUCZEPEI0Z80|2016-02-24T07:46:58Z|2016-02-24T07:47:53Z|301|0|302|1|303|0|304|0|305|1|306|0|307|1|308|0|309|0|310|0
3LXX8KJXPW905GVQPSKQ7D7CUSH9OQ|A1QL9C7SQYFRTF|3WQ3B2KGE8G1J11F7C5CB7KE9B81BG|2016-02-24T13:45:16Z|2016-02-24T13:46:13Z|301|0|302|1|303|0|304|0|305|1|306|0|307|0|308|0|309|0|310|0
3LXX8KJXPW905GVQPSKQ7D7CUSH9OQ|A2ES446BBCJUCK|39OWYR0EPKROMOOYO3YH8KM9VVQFYT|2016-02-24T14:40:43Z|2016-02-24T14:41:45Z|301|0|302|1|303|0|304|1|305|1|306|0|307|1|308|0|309|0|310|0
3LXX8KJXPW905GVQPSKQ7D7CUSH9OQ|AKNJ0JN48VOTO|382M9COHEHFFZ14XJRHMNHVWN7REU5|2016-02-24T16:09:46Z|2016-02-24T16:10:35Z|301|0|302|1|303|0|304|0|305|0|306|0|307|1|308|0|309|0|310|1
3LXX8KJXPW905GVQPSKQ7D7CUSH9OQ|A11GZD9WJCPS4J|3FIUS151DV2UEXZT5HITJ5FHRFZGGW|2016-02-24T16:30:11Z|2016-02-24T16:31:14Z|301|0|302|1|303|0|304|0|305|0|306|0|307|1|308|0|309|0|310|1
3G5RUKN2EC3INVVEODKDSO774IC9NB|A3I9XLIHPPWPN1|3VP0C6EFSGWS9E694772KJMPTAT6MN|2016-02-23T19:40:00Z|2016-02-23T19:40:37Z|291|0|292|1|293|0|294|1|295|1|296|1|297|0|298|1|299|0|300|1
3G5RUKN2EC3INVVEODKDSO774IC9NB|A1EIT99M9WK8Y0|3JWH6J9I9SD4X884CZ3A8EXHC1GNBR|2016-02-23T19:43:40Z|2016-02-23T19:45:48Z|291|1|292|1|293|0|294|1|295|1|296|1|297|0|298|1|299|0|300|1
3G5RUKN2EC3INVVEODKDSO774IC9NB|A3LKPKKY5MJN1T|3NC5L260MOMCSAKWIGPJ6TO7HAXOFB|2016-02-23T21:03:08Z|2016-02-23T21:04:12Z|291|0|292|1|293|0|294|1|295|1|296|0|297|0|298|0|299|0|300|0
3G5RUKN2EC3INVVEODKDSO774IC9NB|ABKPRL0J5P06O|3M81GAB8A0JP05LWSRVRC8SMHEKQB2|2016-02-23T22:10:43Z|2016-02-23T22:11:54Z|291|1|292|1|293|0|294|1|295|1|296|0|297|0|298|1|299|0|300|1
3G5RUKN2EC3INVVEODKDSO774IC9NB|A1WKC33YFTKWJC|3TE3O857308VOT00MDRGG5ZNJVRR2M|2016-02-23T22:43:10Z|2016-02-23T22:44:40Z|291|1|292|1|293|0|294|1|295|0|296|0|297|0|298|1|299|0|300|1
3G5RUKN2EC3INVVEODKDSO774IC9NB|AMKWR51EXOPA4|3Z7VU45IPYHX1Z4VDQLFXPRH066Z1G|2016-02-23T22:56:29Z|2016-02-23T22:56:52Z|291|1|292|1|293|1|294|1|295|1|296|1|297|1|298|1|299|1|300|1
3G5RUKN2EC3INVVEODKDSO774IC9NB|AS3HQWQNH7507|3ZAK8W07I4EG8BP3BKI72STSTY00U8|2016-02-24T01:11:18Z|2016-02-24T01:12:37Z|291|0|292|1|293|0|294|1|295|1|296|0|297|0|298|1|299|0|300|1
3G5RUKN2EC3INVVEODKDSO774IC9NB|A324J3PKWTCJS3|32KTQ2V7RDFFRX872EAE4TDRJGXM9K|2016-02-24T01:20:25Z|2016-02-24T01:20:48Z|291|1|292|1|293|0|294|1|295|1|296|1|297|0|298|1|299|0|300|1
3G5RUKN2EC3INVVEODKDSO774IC9NB|ACW35VAG9YKGJ|3TYCR1GOTCJAR68Z603YH40VYG6LZB|2016-02-24T02:38:55Z|2016-02-24T02:40:00Z|291|0|292|1|293|0|294|1|295|1|296|1|297|0|298|1|299|0|300|1
3G5RUKN2EC3INVVEODKDSO774IC9NB|A2LBUK8ZN41NN6|3PZDLQMM0TLRIRBH4G1LRA01JYY2C9|2016-02-24T02:51:12Z|2016-02-24T02:52:09Z|291|0|292|0|293|0|294|0|295|0|296|0|297|0|298|0|299|0|300|0
3G5RUKN2EC3INVVEODKDSO774IC9NB|A2BIB960QFJWZD|3DQQ64TANGLWOWISN5CYZHFXMPVPWH|2016-02-24T05:24:41Z|2016-02-24T05:25:07Z|291|1|292|0|293|0|294|0|295|0|296|0|297|0|298|1|299|0|300|0
3G5RUKN2EC3INVVEODKDSO774IC9NB|A8NE1BQNCZKO3|3SPJ03342134RQAU7TP2NIE1O0YYJ2|2016-02-24T08:18:31Z|2016-02-24T08:19:57Z|291|0|292|1|293|0|294|1|295|1|296|0|297|0|298|1|299|0|300|1
3G5RUKN2EC3INVVEODKDSO774IC9NB|AK7U41KDD6VJQ|3HVVDCPGTESY5T6ZJN36PO1AM2HTYU|2016-02-24T11:00:06Z|2016-02-24T11:01:18Z|291|1|292|0|293|0|294|1|295|1|296|0|297|0|298|0|299|0|300|0
3G5RUKN2EC3INVVEODKDSO774IC9NB|A1M8AYAL3L8ACP|3X3OR7WPZZ0V7A7CXA3L4K3RZBU8LW|2016-02-24T11:08:46Z|2016-02-24T11:09:25Z|291|1|292|1|293|0|294|1|295|1|296|1|297|0|298|1|299|0|300|1
3G5RUKN2EC3INVVEODKDSO774IC9NB|A11GZD9WJCPS4J|3XUHV3NRVKYAYW5K8RHK080TG575H9|2016-02-24T15:06:36Z|2016-02-24T15:08:15Z|291|0|292|1|293|0|294|1|295|1|296|1|297|0|298|1|299|0|300|1
3G5RUKN2EC3INVVEODKDSO774IC9NB|AKNJ0JN48VOTO|3F6KKYWMNB1XC56OQVUG34LHFYFDNZ|2016-02-24T15:10:51Z|2016-02-24T15:12:14Z|291|1|292|1|293|0|294|1|295|0|296|1|297|0|298|1|299|0|300|0
36FFXPMST9OTKMD9N48IKU50D5OOHU|A2HVG934DIDSXQ|34FNN24DCM9WKRV9IRL8M8VW6O5Y5W|2016-02-23T18:42:43Z|2016-02-23T18:43:24Z|281|0|282|1|283|1|284|1|285|1|286|1|287|1|288|0|289|1|290|1
36FFXPMST9OTKMD9N48IKU50D5OOHU|A2TRHLKQ4IWLIB|3WAKVUDHUWGUQMPNWJ3GH73F1627UZ|2016-02-23T19:13:23Z|2016-02-23T19:14:18Z|281|0|282|1|283|1|284|1|285|1|286|1|287|1|288|0|289|1|290|1
36FFXPMST9OTKMD9N48IKU50D5OOHU|A3I9XLIHPPWPN1|336YQZE83VEWQA6VZOXXSD8PXFI5M6|2016-02-23T19:38:44Z|2016-02-23T19:39:22Z|281|0|282|1|283|1|284|1|285|1|286|1|287|1|288|0|289|1|290|1
36FFXPMST9OTKMD9N48IKU50D5OOHU|A1WKC33YFTKWJC|382M9COHEHFFZ14XJRHMNHVWNXMUEW|2016-02-23T22:42:20Z|2016-02-23T22:43:10Z|281|0|282|1|283|1|284|1|285|1|286|1|287|1|288|0|289|1|290|1
36FFXPMST9OTKMD9N48IKU50D5OOHU|AMKWR51EXOPA4|3RJSC4XJ10UZNWZOAJAZUG1CUFX50H|2016-02-23T23:02:50Z|2016-02-23T23:03:15Z|281|0|282|0|283|0|284|0|285|0|286|0|287|0|288|0|289|0|290|0
36FFXPMST9OTKMD9N48IKU50D5OOHU|A324J3PKWTCJS3|3Y9N9SS8LYBQ81DE8CA1UQNBAAV3D2|2016-02-24T01:19:57Z|2016-02-24T01:20:21Z|281|0|282|1|283|1|284|1|285|1|286|1|287|1|288|0|289|1|290|1
36FFXPMST9OTKMD9N48IKU50D5OOHU|A2LBUK8ZN41NN6|3Y5140Z9DXGEN1YNYO8JYQ6P7DHIPL|2016-02-24T03:08:09Z|2016-02-24T03:08:38Z|281|0|282|1|283|0|284|1|285|0|286|1|287|0|288|1|289|0|290|1
36FFXPMST9OTKMD9N48IKU50D5OOHU|A2BIB960QFJWZD|31QTRG6Q2TD0D1DS26UMKE0DXXWYPQ|2016-02-24T05:24:15Z|2016-02-24T05:24:40Z|281|0|282|1|283|0|284|0|285|1|286|0|287|1|288|0|289|1|290|1
36FFXPMST9OTKMD9N48IKU50D5OOHU|A8NE1BQNCZKO3|3P59JYT76LK848DSQ2WBGK057ME2TC|2016-02-24T06:51:34Z|2016-02-24T06:52:45Z|281|0|282|1|283|1|284|1|285|1|286|1|287|1|288|0|289|1|290|1
36FFXPMST9OTKMD9N48IKU50D5OOHU|A9MK3VLKHHXJ6|3VAR3R6G1P13DVA9A2JDW17LUEW8O6|2016-02-24T07:29:53Z|2016-02-24T07:33:53Z|281|0|282|1|283|1|284|1|285|1|286|1|287|1|288|0|289|1|290|1
36FFXPMST9OTKMD9N48IKU50D5OOHU|A1NLCS8PSD5SWE|3J4Q2Z4UTY3HO8J7NIRNZM57RNQQWM|2016-02-24T08:20:21Z|2016-02-24T08:21:38Z|281|0|282|1|283|1|284|1|285|1|286|1|287|1|288|1|289|1|290|1
36FFXPMST9OTKMD9N48IKU50D5OOHU|A1QL9C7SQYFRTF|3FTF2T8WLRIBW92L6GG1DRFIHPOW9C|2016-02-24T14:18:10Z|2016-02-24T14:19:22Z|281|0|282|1|283|1|284|1|285|1|286|1|287|1|288|0|289|1|290|1
36FFXPMST9OTKMD9N48IKU50D5OOHU|AKNJ0JN48VOTO|3NPFYT4IZC450JUJURIX7RFCU4YGXP|2016-02-24T14:48:37Z|2016-02-24T14:49:33Z|281|0|282|1|283|1|284|1|285|1|286|1|287|1|288|1|289|1|290|1
36FFXPMST9OTKMD9N48IKU50D5OOHU|A11GZD9WJCPS4J|3ZSY5X72NXB9V0P59BPDNI2QKAUORG|2016-02-24T16:11:39Z|2016-02-24T16:13:45Z|281|0|282|1|283|1|284|0|285|1|286|1|287|1|288|0|289|1|290|1
36FFXPMST9OTKMD9N48IKU50D5OOHU|AK7U41KDD6VJQ|3WRFBPLXRAOZUD4RX6O4QVZ5ON9N3Y|2016-02-24T17:55:25Z|2016-02-24T17:56:48Z|281|0|282|0|283|1|284|0|285|0|286|1|287|0|288|0|289|1|290|1
3J9UN9O9J3S48BGG9J9S66PXSUCJ04|A3I9XLIHPPWPN1|3NAPMVF0ZWFL6AGLDZTABO8NIG0720|2016-02-23T19:46:04Z|2016-02-23T19:48:52Z|271|1|272|1|273|1|274|1|275|0|276|0|277|0|278|1|279|1|280|0
3J9UN9O9J3S48BGG9J9S66PXSUCJ04|A1WKC33YFTKWJC|382M9COHEHFFZ14XJRHMNHVWNXOUEY|2016-02-23T22:45:30Z|2016-02-23T22:46:17Z|271|1|272|1|273|1|274|1|275|0|276|0|277|0|278|1|279|1|280|0
3J9UN9O9J3S48BGG9J9S66PXSUCJ04|AMKWR51EXOPA4|39K0FND3AHFTWGICUKOE0OOBPWVMAB|2016-02-23T22:58:35Z|2016-02-23T22:58:55Z|271|0|272|0|273|0|274|0|275|0|276|1|277|1|278|0|279|0|280|1
3J9UN9O9J3S48BGG9J9S66PXSUCJ04|A1M8AYAL3L8ACP|3IQ1VMJRYTKEPWZI5BK9V2IRPY59AI|2016-02-24T00:19:09Z|2016-02-24T00:19:54Z|271|1|272|1|273|1|274|1|275|0|276|0|277|0|278|1|279|1|280|0
3J9UN9O9J3S48BGG9J9S66PXSUCJ04|A324J3PKWTCJS3|3IX2EGZR7BJVUPY8TYX8FML4L89RJ9|2016-02-24T01:24:20Z|2016-02-24T01:24:43Z|271|1|272|1|273|1|274|1|275|0|276|1|277|0|278|1|279|1|280|0
3J9UN9O9J3S48BGG9J9S66PXSUCJ04|A2LBUK8ZN41NN6|3LQ8PUHQFLSMAK0ZFB0EPH4YLM6HIE|2016-02-24T03:04:18Z|2016-02-24T03:04:38Z|271|0|272|1|273|0|274|1|275|0|276|1|277|0|278|1|279|0|280|1
3J9UN9O9J3S48BGG9J9S66PXSUCJ04|A2BIB960QFJWZD|3QY5DC2MXRK75F4TE21S5ZGWZ3UFU2|2016-02-24T05:09:35Z|2016-02-24T05:10:04Z|271|0|272|1|273|0|274|1|275|0|276|1|277|0|278|0|279|1|280|0
3J9UN9O9J3S48BGG9J9S66PXSUCJ04|A9MK3VLKHHXJ6|3N4BPTXIO8SIL1W7FDSPLC8170JKUJ|2016-02-24T05:37:12Z|2016-02-24T05:38:26Z|271|1|272|0|273|1|274|1|275|0|276|0|277|0|278|1|279|1|280|0
3J9UN9O9J3S48BGG9J9S66PXSUCJ04|A1ELYVM5GQIBM0|3VE8AYVF8MX97IXGBZ0N97Y72DUF8G|2016-02-24T06:35:26Z|2016-02-24T06:37:18Z|271|1|272|0|273|0|274|1|275|0|276|0|277|0|278|0|279|1|280|0
3J9UN9O9J3S48BGG9J9S66PXSUCJ04|A8NE1BQNCZKO3|3FQ5JJ512LO5QBCYICG37HG7Z4ENKI|2016-02-24T06:56:41Z|2016-02-24T06:57:46Z|271|1|272|1|273|1|274|1|275|0|276|0|277|0|278|1|279|1|280|0
3J9UN9O9J3S48BGG9J9S66PXSUCJ04|AK7U41KDD6VJQ|3YDTZAI2WXGHY2G6SXVP3TE8ZJS41E|2016-02-24T10:59:03Z|2016-02-24T11:00:06Z|271|1|272|0|273|0|274|1|275|0|276|0|277|0|278|0|279|1|280|0
3J9UN9O9J3S48BGG9J9S66PXSUCJ04|A11GZD9WJCPS4J|374TNBHA8BVLDDE72J9BKJQN2X4YQB|2016-02-24T15:03:18Z|2016-02-24T15:04:12Z|271|1|272|1|273|1|274|1|275|0|276|0|277|0|278|1|279|1|280|1
3J9UN9O9J3S48BGG9J9S66PXSUCJ04|AKNJ0JN48VOTO|3YT88D1N08YYM7JO0TWOY3I1UR13K4|2016-02-24T16:03:00Z|2016-02-24T16:03:42Z|271|0|272|1|273|1|274|1|275|0|276|0|277|0|278|0|279|1|280|0
3J9UN9O9J3S48BGG9J9S66PXSUCJ04|A2S1BEE53WY5IX|3TXMY6UCAEO8AAD26RRMNSY4ZBGQCT|2016-02-24T18:12:31Z|2016-02-24T18:13:07Z|271|1|272|1|273|1|274|1|275|0|276|0|277|0|278|1|279|1|280|0
3YOAVL4CA0HB7E3LA6ZG6330S45Z4L|A10V97TRYZE3BI|3AUQQEL7U5TGLQE3GASCYEVB7ZU0V6|2016-02-23T18:46:07Z|2016-02-23T18:51:32Z|261|1|262|0|263|0|264|0|265|0|266|1|267|0|268|0|269|0|270|0
3YOAVL4CA0HB7E3LA6ZG6330S45Z4L|A2TRHLKQ4IWLIB|3XXU1SWE8MVWT2B55F1G2RHYMP10AD|2016-02-23T19:04:57Z|2016-02-23T19:06:00Z|261|1|262|0|263|0|264|0|265|1|266|1|267|0|268|0|269|1|270|0
3YOAVL4CA0HB7E3LA6ZG6330S45Z4L|A3I9XLIHPPWPN1|3C6FJU71TQTD56LOJSTGUKNC56PYU7|2016-02-23T19:39:22Z|2016-02-23T19:40:00Z|261|1|262|0|263|0|264|0|265|0|266|1|267|0|268|0|269|1|270|0
3YOAVL4CA0HB7E3LA6ZG6330S45Z4L|A3BKT9H4GNKLY7|3J2UYBXQQLCV60Z2F2K4MMFCQ9006I|2016-02-23T21:47:15Z|2016-02-23T21:47:54Z|261|1|262|0|263|0|264|0|265|1|266|1|267|0|268|0|269|1|270|0
3YOAVL4CA0HB7E3LA6ZG6330S45Z4L|A1WKC33YFTKWJC|3IJXV6UZ1XJZZEE2BGC83L648RNRIW|2016-02-23T22:39:40Z|2016-02-23T22:40:25Z|261|1|262|0|263|1|264|0|265|1|266|1|267|0|268|0|269|1|270|0
3YOAVL4CA0HB7E3LA6ZG6330S45Z4L|AMKWR51EXOPA4|3MTMREQS4VIP1SCQYMU19MQ2NYBAWS|2016-02-23T23:00:23Z|2016-02-23T23:00:49Z|261|0|262|0|263|0|264|0|265|1|266|1|267|0|268|0|269|0|270|0
3YOAVL4CA0HB7E3LA6ZG6330S45Z4L|A324J3PKWTCJS3|3ZGVPD4G6THYAJG4F95P3VACSR6TZW|2016-02-24T01:03:06Z|2016-02-24T01:04:50Z|261|1|262|0|263|0|264|0|265|1|266|0|267|1|268|0|269|1|270|0
3YOAVL4CA0HB7E3LA6ZG6330S45Z4L|A2LBUK8ZN41NN6|3EKVH9QMEY41NJHV4CWWBGIJ4YDD2N|2016-02-24T02:58:36Z|2016-02-24T02:59:08Z|261|0|262|1|263|0|264|1|265|0|266|1|267|0|268|1|269|0|270|1
3YOAVL4CA0HB7E3LA6ZG6330S45Z4L|A2BIB960QFJWZD|36TFCYNS44AJ0FPUEX0FSRRD90RHXX|2016-02-24T05:19:26Z|2016-02-24T05:20:04Z|261|1|262|0|263|0|264|0|265|0|266|1|267|0|268|0|269|1|270|0
3YOAVL4CA0HB7E3LA6ZG6330S45Z4L|A1HVP51VLTA16X|3X65QVEQI0NXJDXPEMJQ66ZAP02CLP|2016-02-24T06:39:31Z|2016-02-24T06:40:26Z|261|1|262|0|263|0|264|0|265|1|266|1|267|0|268|0|269|1|270|0
3YOAVL4CA0HB7E3LA6ZG6330S45Z4L|A9MK3VLKHHXJ6|38F71OA9GTWOS7ZK50A6EPZ2MISMFK|2016-02-24T07:21:30Z|2016-02-24T07:29:52Z|261|1|262|0|263|0|264|0|265|1|266|1|267|0|268|0|269|1|270|0
3YOAVL4CA0HB7E3LA6ZG6330S45Z4L|A8NE1BQNCZKO3|3B2X28YI3WFWQN2CDIHT63BVHLY6BR|2016-02-24T08:23:05Z|2016-02-24T08:24:12Z|261|1|262|0|263|0|264|0|265|0|266|1|267|0|268|0|269|1|270|0
3YOAVL4CA0HB7E3LA6ZG6330S45Z4L|AMKBLZ2CJ7KLO|3KYQYYSHYV7FUQ60RAUTITLM56GODH|2016-02-24T09:23:00Z|2016-02-24T09:24:20Z|261|1|262|0|263|0|264|1|265|0|266|0|267|0|268|0|269|0|270|0
3YOAVL4CA0HB7E3LA6ZG6330S45Z4L|A1M8AYAL3L8ACP|3WR9XG3T63BV9OV8HDCY435L25U47D|2016-02-24T11:09:31Z|2016-02-24T11:10:03Z|261|1|262|0|263|0|264|0|265|0|266|1|267|0|268|0|269|1|270|0
3YOAVL4CA0HB7E3LA6ZG6330S45Z4L|A11GZD9WJCPS4J|35H6S234SA0U17L3C8QG3HB37RM654|2016-02-24T14:52:06Z|2016-02-24T14:53:15Z|261|1|262|0|263|0|264|0|265|0|266|1|267|0|268|0|269|1|270|0
3YOAVL4CA0HB7E3LA6ZG6330S45Z4L|AKNJ0JN48VOTO|3LS2AMNW5FQ9JZA5WW0DISSLOORQOG|2016-02-24T16:07:13Z|2016-02-24T16:08:36Z|261|1|262|0|263|0|264|0|265|0|266|1|267|0|268|0|269|0|270|0
3YOAVL4CA0HB7E3LA6ZG6330S45Z4L|A2S1BEE53WY5IX|31JLPPHS2UUHCY43YLOH5KZAEXS3O7|2016-02-24T18:32:44Z|2016-02-24T18:33:20Z|261|1|262|0|263|0|264|0|265|1|266|1|267|0|268|0|269|1|270|0
3QI9WAYOGQBSLPLLY2YN78QB1GC6S9|A2TRHLKQ4IWLIB|3A4TN5196KIVXHEZN14SEE6389PHCZ|2016-02-23T19:08:07Z|2016-02-23T19:09:54Z|241|0|242|0|243|1|244|1|245|1|246|0|247|1|248|1|249|1|250|1
3QI9WAYOGQBSLPLLY2YN78QB1GC6S9|A3I9XLIHPPWPN1|3IJXV6UZ1XJZZEE2BGC83L648OTRIW|2016-02-23T19:48:52Z|2016-02-23T19:52:10Z|241|0|242|0|243|1|244|1|245|1|246|0|247|1|248|0|249|0|250|1
3QI9WAYOGQBSLPLLY2YN78QB1GC6S9|A28LT6FH15V4XO|3DEL4X4EL6L5MAFJOX43ERMGZOGYX9|2016-02-23T19:55:46Z|2016-02-23T19:56:46Z|241|0|242|0|243|1|244|1|245|1|246|0|247|1|248|0|249|0|250|0
3QI9WAYOGQBSLPLLY2YN78QB1GC6S9|AMKWR51EXOPA4|336YQZE83VEWQA6VZOXXSD8PXIR5ML|2016-02-23T22:53:36Z|2016-02-23T22:53:54Z|241|0|242|0|243|0|244|0|245|0|246|0|247|0|248|0|249|0|250|0
3QI9WAYOGQBSLPLLY2YN78QB1GC6S9|A1WKC33YFTKWJC|3ZDAD0O1T1D95OGPERH46AU1KPZTXM|2016-02-23T22:56:49Z|2016-02-23T22:57:44Z|241|0|242|0|243|1|244|1|245|1|246|0|247|1|248|1|249|1|250|1
3QI9WAYOGQBSLPLLY2YN78QB1GC6S9|A324J3PKWTCJS3|37Q970SNZE800NIHIYR71WUEDTP1S0|2016-02-24T01:18:07Z|2016-02-24T01:18:48Z|241|0|242|0|243|1|244|0|245|1|246|0|247|0|248|1|249|1|250|1
3QI9WAYOGQBSLPLLY2YN78QB1GC6S9|A2LBUK8ZN41NN6|3IUZPWIU1O7VD5LCAD7Q30TYSEYKWI|2016-02-24T02:42:42Z|2016-02-24T02:44:04Z|241|0|242|0|243|1|244|0|245|1|246|0|247|0|248|1|249|0|250|0
3QI9WAYOGQBSLPLLY2YN78QB1GC6S9|A2BIB960QFJWZD|3HMVI3QICJSXW9UQH4JWJIIFUHHY1D|2016-02-24T04:50:33Z|2016-02-24T04:51:14Z|241|0|242|0|243|0|244|0|245|1|246|0|247|0|248|1|249|0|250|0
3QI9WAYOGQBSLPLLY2YN78QB1GC6S9|A8NE1BQNCZKO3|39GAF6DQWR0GSFZLCTWCCJELC16V1U|2016-02-24T06:16:19Z|2016-02-24T06:17:47Z|241|1|242|0|243|1|244|1|245|1|246|0|247|1|248|1|249|0|250|1
3QI9WAYOGQBSLPLLY2YN78QB1GC6S9|A269IJRBKMUFB3|333U7HK6I9F1TFF3BX2OAX406B6JDR|2016-02-24T06:32:17Z|2016-02-24T06:35:07Z|241|1|242|0|243|1|244|1|245|1|246|0|247|0|248|1|249|0|250|1
3QI9WAYOGQBSLPLLY2YN78QB1GC6S9|A9MK3VLKHHXJ6|3TOK3KHVJTIZDH5Q0XR7I1BQJUPO7Y|2016-02-24T07:33:53Z|2016-02-24T07:37:49Z|241|1|242|0|243|1|244|1|245|1|246|0|247|0|248|1|249|1|250|1
3QI9WAYOGQBSLPLLY2YN78QB1GC6S9|AKNJ0JN48VOTO|337RC3OW052TIM3P53EVWYNZABXLVK|2016-02-24T15:57:39Z|2016-02-24T15:59:15Z|241|0|242|1|243|1|244|1|245|1|246|0|247|1|248|1|249|1|250|1
3QI9WAYOGQBSLPLLY2YN78QB1GC6S9|A11GZD9WJCPS4J|3IUZPWIU1O7VD5LCAD7Q30TYSK1WK9|2016-02-24T16:16:51Z|2016-02-24T16:19:18Z|241|0|242|0|243|1|244|1|245|1|246|0|247|0|248|0|249|0|250|0
360ZO6N6J1JC5DAECC5DF9I7ZS29MB|A2TRHLKQ4IWLIB|37WLF8U1WPQXJQ66JVUM56UL44KK6G|2016-02-23T19:12:01Z|2016-02-23T19:12:38Z|251|1|252|1|253|0|254|1|255|0|256|0|257|0|258|1|259|0|260|1
360ZO6N6J1JC5DAECC5DF9I7ZS29MB|A28LT6FH15V4XO|32EYX73OY09485925X1MMOUF2JJURA|2016-02-23T19:53:15Z|2016-02-23T19:54:14Z|251|1|252|1|253|0|254|1|255|0|256|0|257|0|258|1|259|0|260|1
360ZO6N6J1JC5DAECC5DF9I7ZS29MB|A3C7Q6BU035NMO|3E47SOBEYQWVTCPJTJMDEQ7I8NGIC7|2016-02-23T20:25:42Z|2016-02-23T20:26:37Z|251|1|252|1|253|0|254|1|255|0|256|0|257|0|258|1|259|0|260|1
360ZO6N6J1JC5DAECC5DF9I7ZS29MB|A1WKC33YFTKWJC|3GFK2QRXX9HSVM093Q3K1BAGVJR5WW|2016-02-23T22:31:21Z|2016-02-23T22:32:12Z|251|1|252|1|253|0|254|1|255|0|256|0|257|0|258|1|259|0|260|1
360ZO6N6J1JC5DAECC5DF9I7ZS29MB|AMKWR51EXOPA4|3Y9N9SS8LYBQ81DE8CA1UQNBA8G3DJ|2016-02-23T23:04:47Z|2016-02-23T23:05:08Z|251|0|252|1|253|0|254|0|255|1|256|1|257|1|258|1|259|1|260|1
360ZO6N6J1JC5DAECC5DF9I7ZS29MB|A324J3PKWTCJS3|3ZAK8W07I4EG8BP3BKI72STSTY5U07|2016-02-24T01:20:55Z|2016-02-24T01:24:09Z|251|1|252|1|253|1|254|1|255|0|256|0|257|0|258|1|259|0|260|0
360ZO6N6J1JC5DAECC5DF9I7ZS29MB|A2LBUK8ZN41NN6|3HUTX6F6VUNSRG8KULACMAUI8CIO2T|2016-02-24T02:53:54Z|2016-02-24T02:54:38Z|251|1|252|1|253|0|254|0|255|0|256|0|257|0|258|0|259|0|260|0
360ZO6N6J1JC5DAECC5DF9I7ZS29MB|A2BIB960QFJWZD|3RUIQRXJBBOQMHRVRZCP9PPXJ8NLLJ|2016-02-24T05:10:28Z|2016-02-24T05:11:00Z|251|0|252|0|253|1|254|0|255|0|256|0|257|0|258|0|259|0|260|0
360ZO6N6J1JC5DAECC5DF9I7ZS29MB|A1M8AYAL3L8ACP|3TMFV4NEP8EBI4JB1OANDVK7XGZ8WM|2016-02-24T05:33:35Z|2016-02-24T05:34:10Z|251|1|252|1|253|0|254|1|255|0|256|0|257|0|258|1|259|0|260|0
360ZO6N6J1JC5DAECC5DF9I7ZS29MB|A8NE1BQNCZKO3|3R5F3LQFV2KIXRBWJSJQ9L4PTNSOZG|2016-02-24T06:38:43Z|2016-02-24T06:39:40Z|251|1|252|1|253|0|254|1|255|0|256|0|257|0|258|1|259|0|260|1
360ZO6N6J1JC5DAECC5DF9I7ZS29MB|A9MK3VLKHHXJ6|3FUI0JHJPXYSQ9BHFN4PHH1ZJ11337|2016-02-24T06:51:50Z|2016-02-24T06:53:53Z|251|1|252|1|253|0|254|1|255|0|256|0|257|0|258|1|259|0|260|1
360ZO6N6J1JC5DAECC5DF9I7ZS29MB|AJ8FJQ70DDB8T|3MH9DQ757WCDJF0OPM7ANKG80KJGUV|2016-02-24T09:17:40Z|2016-02-24T09:18:38Z|251|1|252|1|253|0|254|1|255|0|256|0|257|0|258|1|259|0|260|1
360ZO6N6J1JC5DAECC5DF9I7ZS29MB|AK7U41KDD6VJQ|3C5W7UE9CFQ5STQ55UGSKWZ9QORXMR|2016-02-24T11:02:23Z|2016-02-24T11:03:39Z|251|0|252|1|253|0|254|1|255|0|256|0|257|0|258|0|259|0|260|0
360ZO6N6J1JC5DAECC5DF9I7ZS29MB|AKNJ0JN48VOTO|3AWETUDC92S8150TLX6LPO83HHPIZH|2016-02-24T14:50:51Z|2016-02-24T14:52:02Z|251|1|252|1|253|1|254|1|255|0|256|0|257|0|258|0|259|0|260|1
360ZO6N6J1JC5DAECC5DF9I7ZS29MB|A11GZD9WJCPS4J|3TK8OJTYM1LJ97INXV72DFWJFKGPV2|2016-02-24T15:01:49Z|2016-02-24T15:03:16Z|251|1|252|1|253|0|254|1|255|0|256|0|257|0|258|1|259|1|260|1
32K26U12DNO7YQH42KB6O1KAH6SDVC|A1WKC33YFTKWJC|3S3AMIZX3U5EL19X15L2NTR5GLKDCI|2016-02-23T22:51:49Z|2016-02-23T22:52:27Z|231|0|232|0|233|1|234|0|235|0|236|0|237|1|238|1|239|0|240|0
32K26U12DNO7YQH42KB6O1KAH6SDVC|AMKWR51EXOPA4|358010RM5ETOIGKEJMHJ7SIMHAGVX5|2016-02-23T22:57:29Z|2016-02-23T22:57:52Z|231|0|232|0|233|0|234|0|235|0|236|0|237|0|238|0|239|0|240|0
32K26U12DNO7YQH42KB6O1KAH6SDVC|A324J3PKWTCJS3|3OONKJ5DKCJMFT8GDE3NN3XM2HWOBU|2016-02-24T01:48:03Z|2016-02-24T01:48:25Z|231|0|232|1|233|1|234|0|235|0|236|1|237|1|238|1|239|0|240|1
32K26U12DNO7YQH42KB6O1KAH6SDVC|A2LBUK8ZN41NN6|3I33IC7ZWF23PCEJK25ULFADJVI2AC|2016-02-24T03:03:22Z|2016-02-24T03:03:51Z|231|0|232|1|233|0|234|1|235|0|236|1|237|0|238|1|239|0|240|1
32K26U12DNO7YQH42KB6O1KAH6SDVC|A11SNM1TWVAWTS|34BBWHLWHAB47AVOAAMEQKEL0AQWI0|2016-02-24T03:21:44Z|2016-02-24T03:22:47Z|231|0|232|0|233|1|234|1|235|1|236|0|237|1|238|1|239|0|240|1
32K26U12DNO7YQH42KB6O1KAH6SDVC|AWHCA5PZ6MTKB|3KRVW3HTZNLXWC46BKA5LOIHB7CMSR|2016-02-24T04:37:06Z|2016-02-24T04:38:05Z|231|0|232|0|233|1|234|0|235|0|236|0|237|1|238|1|239|1|240|1
32K26U12DNO7YQH42KB6O1KAH6SDVC|A2BIB960QFJWZD|3BEFOD78W6TEUR2VLJENNL2BXRJ4MC|2016-02-24T05:11:33Z|2016-02-24T05:12:02Z|231|0|232|0|233|0|234|0|235|0|236|0|237|0|238|1|239|0|240|0
32K26U12DNO7YQH42KB6O1KAH6SDVC|A8NE1BQNCZKO3|3IJXV6UZ1XJZZEE2BGC83L648X6IRI|2016-02-24T06:24:28Z|2016-02-24T06:26:02Z|231|0|232|0|233|1|234|0|235|1|236|0|237|1|238|1|239|0|240|1
32K26U12DNO7YQH42KB6O1KAH6SDVC|A2X52OGT1GI4SJ|36PW28KO4ZWVKSQZDM0VNGJ2G1LEA9|2016-02-24T10:21:41Z|2016-02-24T10:23:53Z|231|0|232|0|233|1|234|1|235|0|236|0|237|1|238|1|239|0|240|0
32K26U12DNO7YQH42KB6O1KAH6SDVC|AKNJ0JN48VOTO|326O153BMIYTIZTBXWRXDHR8168ED5|2016-02-24T14:52:07Z|2016-02-24T14:53:55Z|231|0|232|0|233|1|234|0|235|0|236|0|237|1|238|1|239|0|240|0
32K26U12DNO7YQH42KB6O1KAH6SDVC|A11GZD9WJCPS4J|32AT8R96GL9G9K9FKM1RCYZBOXEUSY|2016-02-24T15:00:26Z|2016-02-24T15:01:45Z|231|0|232|0|233|1|234|0|235|1|236|0|237|1|238|1|239|0|240|1
32K26U12DNO7YQH42KB6O1KAH6SDVC|AK7U41KDD6VJQ|30IQTZXKAK68PFJYGPTUMZSWNP10X2|2016-02-24T17:59:22Z|2016-02-24T18:00:30Z|231|0|232|0|233|1|234|0|235|0|236|0|237|1|238|1|239|0|240|0
3OKP4QVBP2XQIMOXTFLIYZ9U9O7GAO|A324J3PKWTCJS3|34Z02EIMISD18YAEBFSXXW7QAHWT07|2016-02-23T22:30:19Z|2016-02-23T22:30:27Z|221|0|222|1|223|0|224|1|225|1|226|0|227|0|228|1|229|1|230|1
3OKP4QVBP2XQIMOXTFLIYZ9U9O7GAO|AMKWR51EXOPA4|304SM51WA341DL09KVKW787NZ3ZBS8|2016-02-23T23:00:03Z|2016-02-23T23:00:22Z|221|0|222|0|223|0|224|0|225|0|226|0|227|0|228|0|229|0|230|0
3OKP4QVBP2XQIMOXTFLIYZ9U9O7GAO|A1WKC33YFTKWJC|3XM0HYN6NKZ27WW125ISDB8XFG6PE7|2016-02-23T23:01:10Z|2016-02-23T23:01:48Z|221|0|222|1|223|1|224|1|225|0|226|0|227|0|228|1|229|0|230|0
3OKP4QVBP2XQIMOXTFLIYZ9U9O7GAO|ABKFBT2OYPKM9|35GCEFQ6I5OTB2IA0UZYLI6EYTJ3ZH|2016-02-24T01:44:27Z|2016-02-24T01:45:02Z|221|0|222|1|223|1|224|0|225|0|226|0|227|0|228|0|229|0|230|0
3OKP4QVBP2XQIMOXTFLIYZ9U9O7GAO|A2LBUK8ZN41NN6|3QHK8ZVMIMIE985J0MNVVMTS7DNLB8|2016-02-24T02:47:12Z|2016-02-24T02:47:53Z|221|0|222|0|223|0|224|0|225|0|226|0|227|0|228|0|229|0|230|0
3OKP4QVBP2XQIMOXTFLIYZ9U9O7GAO|A2BIB960QFJWZD|3U84XHCDICDETY1E084HVNYKCV14ZT|2016-02-24T05:12:03Z|2016-02-24T05:12:38Z|221|0|222|1|223|1|224|0|225|0|226|0|227|0|228|0|229|0|230|0
3OKP4QVBP2XQIMOXTFLIYZ9U9O7GAO|A9MK3VLKHHXJ6|32SCWG5HIH4YUH3MWNZU1NGKYOY6PV|2016-02-24T07:07:45Z|2016-02-24T07:08:41Z|221|0|222|1|223|1|224|1|225|1|226|0|227|0|228|1|229|0|230|0
3OKP4QVBP2XQIMOXTFLIYZ9U9O7GAO|A8NE1BQNCZKO3|3U5JL4WY5K9PO31ZZQGWY2I94XEX44|2016-02-24T08:21:20Z|2016-02-24T08:22:48Z|221|0|222|1|223|1|224|1|225|1|226|0|227|0|228|1|229|0|230|0
3OKP4QVBP2XQIMOXTFLIYZ9U9O7GAO|AJ8FJQ70DDB8T|326O153BMIYTIZTBXWRXDHR8146DEY|2016-02-24T09:02:11Z|2016-02-24T09:03:16Z|221|0|222|1|223|1|224|0|225|1|226|0|227|0|228|1|229|0|230|0
3OKP4QVBP2XQIMOXTFLIYZ9U9O7GAO|A1M8AYAL3L8ACP|3V0Z7YWSIY0NH0HHVXWQH2OQ4942V6|2016-02-24T11:07:49Z|2016-02-24T11:08:43Z|221|0|222|1|223|1|224|1|225|1|226|0|227|0|228|1|229|0|230|0
3OKP4QVBP2XQIMOXTFLIYZ9U9O7GAO|A1QL9C7SQYFRTF|3TOK3KHVJTIZDH5Q0XR7I1BQJWPO72|2016-02-24T13:38:32Z|2016-02-24T13:39:46Z|221|0|222|1|223|1|224|0|225|1|226|0|227|0|228|1|229|0|230|0
3OKP4QVBP2XQIMOXTFLIYZ9U9O7GAO|AKNJ0JN48VOTO|392CY0QWG1RSY8C404GVVSVUGMT4IY|2016-02-24T15:16:37Z|2016-02-24T15:23:12Z|221|0|222|1|223|1|224|0|225|0|226|0|227|0|228|0|229|0|230|0
3OKP4QVBP2XQIMOXTFLIYZ9U9O7GAO|A11GZD9WJCPS4J|3LYA37P8IQN3P2N1FMBUGMGDIJHKBF|2016-02-24T16:13:48Z|2016-02-24T16:16:35Z|221|0|222|1|223|1|224|1|225|1|226|0|227|0|228|0|229|0|230|0
3OKP4QVBP2XQIMOXTFLIYZ9U9O7GAO|A2S1BEE53WY5IX|3DY46V3X3PIYI3LP7PGBBBX3BYU55A|2016-02-24T17:36:30Z|2016-02-24T17:40:23Z|221|0|222|1|223|1|224|1|225|1|226|0|227|0|228|1|229|0|230|0
3ECKRY5B1QW5FL20VV1K04DJXM6IZJ|A1EIT99M9WK8Y0|3NPFYT4IZC450JUJURIX7RFCUSNXG7|2016-02-23T19:50:42Z|2016-02-23T19:52:58Z|211|0|212|0|213|0|214|0|215|0|216|0|217|0|218|1|219|1|220|1
3ECKRY5B1QW5FL20VV1K04DJXM6IZJ|ABKPRL0J5P06O|3F1567XTNW56CC6ZU7HVL2XWTDO9QG|2016-02-23T21:12:08Z|2016-02-23T21:13:58Z|211|0|212|0|213|1|214|0|215|1|216|0|217|0|218|1|219|1|220|0
3ECKRY5B1QW5FL20VV1K04DJXM6IZJ|A1WKC33YFTKWJC|3NKQQ8O39Y5A7VQXNW62HZDBNLQUD8|2016-02-23T22:51:12Z|2016-02-23T22:51:49Z|211|0|212|0|213|0|214|0|215|0|216|0|217|0|218|1|219|1|220|1
3ECKRY5B1QW5FL20VV1K04DJXM6IZJ|AMKWR51EXOPA4|3NVC2EB65QZT6C8548XF7BXCSWIY3I|2016-02-23T23:00:49Z|2016-02-23T23:01:14Z|211|0|212|0|213|0|214|0|215|0|216|0|217|0|218|0|219|0|220|0
3ECKRY5B1QW5FL20VV1K04DJXM6IZJ|A1M8AYAL3L8ACP|3IGI0VL647KOG2XDG48WEYXGJ4CONH|2016-02-23T23:55:18Z|2016-02-23T23:55:54Z|211|0|212|0|213|0|214|0|215|1|216|1|217|0|218|1|219|1|220|0
3ECKRY5B1QW5FL20VV1K04DJXM6IZJ|A324J3PKWTCJS3|3GA6AFUKOOO7KHIGU8TRLB2923UH3X|2016-02-24T01:32:06Z|2016-02-24T01:33:06Z|211|0|212|0|213|1|214|0|215|1|216|0|217|0|218|0|219|1|220|0
3ECKRY5B1QW5FL20VV1K04DJXM6IZJ|A2LBUK8ZN41NN6|3MYYFCXHJ37E2H69AGGSAGIE14N4GI|2016-02-24T02:53:07Z|2016-02-24T02:53:53Z|211|0|212|0|213|1|214|0|215|0|216|0|217|0|218|0|219|0|220|0
3ECKRY5B1QW5FL20VV1K04DJXM6IZJ|A2BIB960QFJWZD|3KMS4QQVK2QT2JZHKOXQZC7YXCWKFA|2016-02-24T05:07:56Z|2016-02-24T05:08:31Z|211|0|212|0|213|1|214|0|215|0|216|0|217|0|218|0|219|1|220|0
3ECKRY5B1QW5FL20VV1K04DJXM6IZJ|A8NE1BQNCZKO3|379J5II41OGCGBH3ADPLWUZDACQLE2|2016-02-24T07:41:47Z|2016-02-24T07:43:23Z|211|0|212|0|213|1|214|0|215|1|216|0|217|0|218|1|219|1|220|1
3ECKRY5B1QW5FL20VV1K04DJXM6IZJ|AK7U41KDD6VJQ|3NPFYT4IZC450JUJURIX7RFCU2DXGH|2016-02-24T10:51:05Z|2016-02-24T10:52:38Z|211|1|212|0|213|0|214|0|215|0|216|0|217|1|218|1|219|0|220|0
3ECKRY5B1QW5FL20VV1K04DJXM6IZJ|AKNJ0JN48VOTO|3TGOYF991XMWOX1J9RWRRZHZ9UYUUD|2016-02-24T14:57:05Z|2016-02-24T14:58:13Z|211|0|212|0|213|1|214|0|215|0|216|0|217|0|218|0|219|1|220|1
3ECKRY5B1QW5FL20VV1K04DJXM6IZJ|A11GZD9WJCPS4J|3Y9N9SS8LYBQ81DE8CA1UQNBAIC3DZ|2016-02-24T16:26:03Z|2016-02-24T16:27:12Z|211|0|212|1|213|0|214|0|215|1|216|0|217|0|218|0|219|1|220|0
3ECKRY5B1QW5FL20VV1K04DJXM6IZJ|A2S1BEE53WY5IX|3ERMJ6L4DYSBDEKENHCUQXMLOZEM7V|2016-02-24T17:35:35Z|2016-02-24T17:36:30Z|211|0|212|0|213|1|214|1|215|1|216|0|217|0|218|1|219|1|220|1
3P7QK0GJ3TL140OY6SGSDO628Q9Z2P|A1WKC33YFTKWJC|3SLE99ER0NDYEXMNFNE4314QMHIBZU|2016-02-23T22:33:57Z|2016-02-23T22:34:35Z|191|1|192|0|193|0|194|0|195|0|196|0|197|0|198|0|199|1|200|0
3P7QK0GJ3TL140OY6SGSDO628Q9Z2P|AMKWR51EXOPA4|3M81GAB8A0JP05LWSRVRC8SMHFEQBY|2016-02-23T22:58:55Z|2016-02-23T22:59:34Z|191|0|192|0|193|0|194|0|195|1|196|1|197|1|198|1|199|1|200|1
3P7QK0GJ3TL140OY6SGSDO628Q9Z2P|A324J3PKWTCJS3|3RRCEFRB7MCIB0YYUUOE95RHLQT4BX|2016-02-24T01:42:18Z|2016-02-24T01:42:50Z|191|1|192|1|193|0|194|0|195|0|196|1|197|0|198|0|199|0|200|1
3P7QK0GJ3TL140OY6SGSDO628Q9Z2P|A2LBUK8ZN41NN6|3T3IWE1XG6NPWRFDSDMCC2Y8NQITQ3|2016-02-24T03:06:00Z|2016-02-24T03:06:21Z|191|0|192|1|193|0|194|1|195|0|196|1|197|0|198|1|199|0|200|1
3P7QK0GJ3TL140OY6SGSDO628Q9Z2P|A2BIB960QFJWZD|3WQQ9FUS6AUJU1L06XERQH7MNEBB81|2016-02-24T05:14:53Z|2016-02-24T05:15:41Z|191|1|192|0|193|0|194|0|195|0|196|0|197|0|198|0|199|0|200|0
3P7QK0GJ3TL140OY6SGSDO628Q9Z2P|A1M8AYAL3L8ACP|3OS4RQUCR9FS9GVNEBKX09O8AJUFBU|2016-02-24T05:31:46Z|2016-02-24T05:32:17Z|191|1|192|0|193|0|194|0|195|0|196|1|197|0|198|1|199|1|200|0
3P7QK0GJ3TL140OY6SGSDO628Q9Z2P|A8NE1BQNCZKO3|3NOKK93PR18YA57BTR2HJZ9T1F8EER|2016-02-24T06:17:51Z|2016-02-24T06:19:10Z|191|1|192|0|193|0|194|0|195|0|196|0|197|0|198|1|199|1|200|0
3P7QK0GJ3TL140OY6SGSDO628Q9Z2P|A269IJRBKMUFB3|340UGXU9DY1W1CQJEH6WNLJINZWVUO|2016-02-24T08:27:12Z|2016-02-24T08:29:45Z|191|1|192|1|193|0|194|0|195|0|196|1|197|0|198|1|199|1|200|0
3P7QK0GJ3TL140OY6SGSDO628Q9Z2P|AK7U41KDD6VJQ|3DQQ64TANGLWOWISN5CYZHFXMRUPWK|2016-02-24T10:45:02Z|2016-02-24T10:51:05Z|191|0|192|0|193|0|194|0|195|0|196|0|197|0|198|0|199|1|200|0
3P7QK0GJ3TL140OY6SGSDO628Q9Z2P|A11GZD9WJCPS4J|3DUZQ9U6SMOGMZYFPCBW8K1U24MVSN|2016-02-24T14:58:56Z|2016-02-24T15:00:24Z|191|0|192|0|193|0|194|0|195|0|196|0|197|0|198|0|199|0|200|0
3P7QK0GJ3TL140OY6SGSDO628Q9Z2P|AKNJ0JN48VOTO|3OXV7EAXLEQRNSYZYP2NOKDJTWG36Y|2016-02-24T16:00:23Z|2016-02-24T16:01:34Z|191|1|192|1|193|0|194|0|195|0|196|0|197|0|198|1|199|1|200|0
3I7KR83SNADHFPABR0SX0WQ3AN79K6|A1M8AYAL3L8ACP|3LQ8PUHQFLSMAK0ZFB0EPH4YLF5HIZ|2016-02-23T20:02:17Z|2016-02-23T20:03:08Z|201|0|202|1|203|1|204|1|205|0|206|1|207|1|208|0|209|0|210|1
3I7KR83SNADHFPABR0SX0WQ3AN79K6|ABKPRL0J5P06O|3UXUOQ9OKEXABDBPQEMPH6RLU65A7R|2016-02-23T22:06:09Z|2016-02-23T22:07:12Z|201|0|202|1|203|1|204|1|205|1|206|1|207|1|208|0|209|1|210|1
3I7KR83SNADHFPABR0SX0WQ3AN79K6|A1WKC33YFTKWJC|3X08E93BHVIQKBLHHR0LVNP33CC66F|2016-02-23T22:36:09Z|2016-02-23T22:36:59Z|201|0|202|1|203|1|204|1|205|1|206|1|207|1|208|0|209|0|210|0
3I7KR83SNADHFPABR0SX0WQ3AN79K6|AMKWR51EXOPA4|3T111IHZ5EQ6ODLZ7M6VQS71P18R9L|2016-02-23T22:52:25Z|2016-02-23T22:52:46Z|201|0|202|0|203|0|204|0|205|0|206|0|207|0|208|0|209|0|210|0
3I7KR83SNADHFPABR0SX0WQ3AN79K6|A324J3PKWTCJS3|3WS1NTTKEYCRPTSDGVN8GSSPJCJ0F9|2016-02-24T02:04:32Z|2016-02-24T02:05:00Z|201|0|202|1|203|1|204|1|205|1|206|1|207|1|208|0|209|1|210|0
3I7KR83SNADHFPABR0SX0WQ3AN79K6|A2FIOFIO2R5SXE|3SEPORI8WNZTVNHV99E88QKK43OAZX|2016-02-24T02:05:09Z|2016-02-24T02:05:56Z|201|0|202|1|203|1|204|1|205|1|206|1|207|1|208|0|209|0|210|0
3I7KR83SNADHFPABR0SX0WQ3AN79K6|A2LBUK8ZN41NN6|3OCHAWUVGOKA25Q2KI3C5J751GGKXN|2016-02-24T03:09:31Z|2016-02-24T03:09:55Z|201|0|202|1|203|0|204|1|205|0|206|1|207|0|208|1|209|0|210|1
3I7KR83SNADHFPABR0SX0WQ3AN79K6|AWHCA5PZ6MTKB|34QN5IT0TZRIAEIQ8HH260B3WA4802|2016-02-24T04:34:50Z|2016-02-24T04:35:58Z|201|0|202|1|203|1|204|1|205|0|206|1|207|1|208|0|209|0|210|1
3I7KR83SNADHFPABR0SX0WQ3AN79K6|A2BIB960QFJWZD|352YTHGROVDS2D1KUMYAVGUFG5N4H6|2016-02-24T05:21:47Z|2016-02-24T05:22:10Z|201|0|202|1|203|0|204|0|205|1|206|0|207|1|208|0|209|0|210|0
3I7KR83SNADHFPABR0SX0WQ3AN79K6|A8NE1BQNCZKO3|3NAPMVF0ZWFL6AGLDZTABO8NIPE72W|2016-02-24T06:19:14Z|2016-02-24T06:20:43Z|201|0|202|1|203|1|204|1|205|1|206|1|207|1|208|1|209|1|210|1
3I7KR83SNADHFPABR0SX0WQ3AN79K6|AKNJ0JN48VOTO|3570Y55XZPJU0OKTZN4ZQ5MLWA5YGQ|2016-02-24T15:32:42Z|2016-02-24T15:33:28Z|201|0|202|1|203|1|204|1|205|1|206|1|207|1|208|0|209|1|210|1
3I7KR83SNADHFPABR0SX0WQ3AN79K6|A11GZD9WJCPS4J|3IFS6Q0HJIJB0TEFQ5CDTVB0U3HSIG|2016-02-24T16:22:41Z|2016-02-24T16:24:26Z|201|0|202|1|203|1|204|1|205|1|206|1|207|1|208|0|209|0|210|0
3RTFSSG7T863BR515BEQTGBTXOWLWA|A324J3PKWTCJS3|3WI0P0II61SIR3YGJ2BXCOQRGJGDRB|2016-02-23T19:41:33Z|2016-02-23T19:41:58Z|181|1|182|0|183|0|184|0|185|1|186|1|187|0|188|1|189|1|190|1
3RTFSSG7T863BR515BEQTGBTXOWLWA|A1EIT99M9WK8Y0|3WI0P0II61SIR3YGJ2BXCOQRGJLRDU|2016-02-23T19:48:49Z|2016-02-23T19:50:38Z|181|0|182|1|183|0|184|1|185|0|186|0|187|0|188|1|189|1|190|0
3RTFSSG7T863BR515BEQTGBTXOWLWA|A3F52M330VFQEN|3KAKFY4PGU27GCT00QBCLN3O2AKI3Q|2016-02-23T19:58:26Z|2016-02-23T19:59:21Z|181|0|182|1|183|0|184|1|185|0|186|0|187|0|188|1|189|1|190|0
3RTFSSG7T863BR515BEQTGBTXOWLWA|A1WKC33YFTKWJC|39GXDJN2OTEY3FJ6BE5RRT1TQ1VV8L|2016-02-23T22:40:25Z|2016-02-23T22:41:15Z|181|0|182|1|183|0|184|1|185|0|186|0|187|0|188|1|189|1|190|0
3RTFSSG7T863BR515BEQTGBTXOWLWA|AMKWR51EXOPA4|3X31TUMD7XMDWANRYPU6PAGJLXV1LW|2016-02-23T22:51:19Z|2016-02-23T22:51:43Z|181|0|182|0|183|0|184|0|185|0|186|0|187|0|188|0|189|0|190|0
3RTFSSG7T863BR515BEQTGBTXOWLWA|A2LBUK8ZN41NN6|3YMU66OBIN88ETU4PN0B45RI697HGF|2016-02-24T02:47:54Z|2016-02-24T02:48:48Z|181|0|182|0|183|0|184|0|185|0|186|0|187|0|188|1|189|0|190|0
3RTFSSG7T863BR515BEQTGBTXOWLWA|A11SNM1TWVAWTS|3JC6VJ2SABJVO9X62L7SJMDP35J5AQ|2016-02-24T03:24:41Z|2016-02-24T03:25:32Z|181|0|182|1|183|0|184|1|185|0|186|0|187|1|188|1|189|1|190|0
3RTFSSG7T863BR515BEQTGBTXOWLWA|AWHCA5PZ6MTKB|3O6CYIULED19G1QO4RBS9N2WU68UW3|2016-02-24T04:30:05Z|2016-02-24T04:31:27Z|181|1|182|1|183|0|184|1|185|0|186|0|187|0|188|1|189|1|190|0
3RTFSSG7T863BR515BEQTGBTXOWLWA|A2BIB960QFJWZD|3II4UPYCOJ7IF2JG6NMX7YGMK5CQD1|2016-02-24T05:23:25Z|2016-02-24T05:23:46Z|181|0|182|0|183|0|184|0|185|0|186|0|187|0|188|0|189|0|190|0
3RTFSSG7T863BR515BEQTGBTXOWLWA|A9MK3VLKHHXJ6|3TPWUS5F891DU79OI0QSFHGQN7WWCS|2016-02-24T06:09:43Z|2016-02-24T06:10:33Z|181|1|182|1|183|0|184|1|185|0|186|0|187|0|188|1|189|1|190|0
3RTFSSG7T863BR515BEQTGBTXOWLWA|A8NE1BQNCZKO3|3YMU66OBIN88ETU4PN0B45RI6BNGHY|2016-02-24T06:48:24Z|2016-02-24T06:49:47Z|181|1|182|1|183|0|184|1|185|0|186|0|187|0|188|1|189|1|190|0
3RTFSSG7T863BR515BEQTGBTXOWLWA|AKNJ0JN48VOTO|30LSNF239UVIVUXHWQX72DYWW8RI2A|2016-02-24T14:58:18Z|2016-02-24T14:59:35Z|181|0|182|0|183|0|184|0|185|0|186|0|187|0|188|1|189|1|190|0
3RTFSSG7T863BR515BEQTGBTXOWLWA|A11GZD9WJCPS4J|3OB0CAO74HP80KF4JTMHB5YMBA9YHG|2016-02-24T15:05:35Z|2016-02-24T15:06:31Z|181|1|182|1|183|0|184|0|185|0|186|0|187|0|188|1|189|1|190|0
3TRB893CSJA8ZKQZMC9YO8748G1G7X|A32QOCAC7XZJCP|3K4J6M3CXETT46MQJHQJNJ4ET6LGAR|2016-02-23T18:53:07Z|2016-02-23T18:54:03Z|171|1|172|0|173|0|174|1|175|0|176|0|177|1|178|1|179|1|180|1
3TRB893CSJA8ZKQZMC9YO8748G1G7X|A3F52M330VFQEN|3RJSC4XJ10UZNWZOAJAZUG1CUCL05U|2016-02-23T19:45:37Z|2016-02-23T19:46:44Z|171|1|172|0|173|0|174|1|175|1|176|0|177|1|178|0|179|1|180|1
3TRB893CSJA8ZKQZMC9YO8748G1G7X|A3LKPKKY5MJN1T|3LPW2N6LKT2F3IB48QOJJNPJA29U5D|2016-02-23T21:07:43Z|2016-02-23T21:09:48Z|171|0|172|0|173|1|174|1|175|0|176|0|177|1|178|0|179|0|180|1
3TRB893CSJA8ZKQZMC9YO8748G1G7X|A3BKT9H4GNKLY7|3570Y55XZPJU0OKTZN4ZQ5MLW0JYGK|2016-02-23T21:51:44Z|2016-02-23T21:52:23Z|171|1|172|0|173|0|174|1|175|0|176|0|177|0|178|0|179|1|180|1
3TRB893CSJA8ZKQZMC9YO8748G1G7X|A1WKC33YFTKWJC|3ZGVPD4G6THYAJG4F95P3VACSOHZT7|2016-02-23T22:32:57Z|2016-02-23T22:33:56Z|171|0|172|0|173|0|174|1|175|0|176|0|177|1|178|0|179|0|180|1
3TRB893CSJA8ZKQZMC9YO8748G1G7X|AMKWR51EXOPA4|3GLB5JMZFXVR2DP23RHLDKCKEDJGD2|2016-02-23T23:01:36Z|2016-02-23T23:01:57Z|171|0|172|0|173|0|174|0|175|0|176|1|177|1|178|1|179|1|180|1
3TRB893CSJA8ZKQZMC9YO8748G1G7X|A324J3PKWTCJS3|3RJSC4XJ10UZNWZOAJAZUG1CUIY50O|2016-02-24T01:53:06Z|2016-02-24T01:53:28Z|171|1|172|0|173|1|174|0|175|0|176|1|177|1|178|1|179|0|180|1
3TRB893CSJA8ZKQZMC9YO8748G1G7X|A2LBUK8ZN41NN6|34S9DKFK73P0AG1FMRHUGPVIXH7NYT|2016-02-24T02:52:10Z|2016-02-24T02:53:07Z|171|0|172|0|173|0|174|0|175|0|176|0|177|1|178|0|179|0|180|0
3TRB893CSJA8ZKQZMC9YO8748G1G7X|A1M8AYAL3L8ACP|3LYA37P8IQN3P2N1FMBUGMGDIDQKBC|2016-02-24T03:05:00Z|2016-02-24T03:05:31Z|171|1|172|0|173|0|174|1|175|0|176|0|177|1|178|0|179|0|180|1
3TRB893CSJA8ZKQZMC9YO8748G1G7X|A2BIB960QFJWZD|3TXMY6UCAEO8AAD26RRMNSY4Z5TQCU|2016-02-24T04:58:41Z|2016-02-24T05:01:43Z|171|0|172|0|173|1|174|0|175|0|176|0|177|1|178|0|179|0|180|1
3TRB893CSJA8ZKQZMC9YO8748G1G7X|A8NE1BQNCZKO3|3TUI152ZZBNON734QU226WFDV9UQ1Y|2016-02-24T06:27:18Z|2016-02-24T06:28:47Z|171|1|172|0|173|1|174|1|175|0|176|0|177|1|178|1|179|1|180|1
3TRB893CSJA8ZKQZMC9YO8748G1G7X|AKNJ0JN48VOTO|32KTQ2V7RDFFRX872EAE4TDRJNQ9ME|2016-02-24T15:13:32Z|2016-02-24T15:15:14Z|171|0|172|0|173|1|174|1|175|1|176|0|177|0|178|0|179|0|180|1
3TRB893CSJA8ZKQZMC9YO8748G1G7X|A11GZD9WJCPS4J|34Q075JO1XD0ZEY59W8NRQOVI8510Q|2016-02-24T15:24:06Z|2016-02-24T15:26:03Z|171|1|172|0|173|0|174|0|175|1|176|0|177|1|178|0|179|0|180|1
37AQKJ12TXOZ2N9CJFB6SNEBN70TTV|ABKPRL0J5P06O|3W8CV64QJ2ZTZJ7WBHU1CO5V2RLH9N|2016-02-23T22:09:38Z|2016-02-23T22:10:42Z|151|0|152|1|153|0|154|0|155|1|156|1|157|0|158|0|159|0|160|0
37AQKJ12TXOZ2N9CJFB6SNEBN70TTV|A1WKC33YFTKWJC|30BXRYBRP4X4BFK44S4TQ8D60SHWH3|2016-02-23T22:30:34Z|2016-02-23T22:31:20Z|151|0|152|1|153|0|154|0|155|1|156|1|157|1|158|0|159|0|160|0
37AQKJ12TXOZ2N9CJFB6SNEBN70TTV|AMKWR51EXOPA4|33LKR6A5KEK1FNVW7YWXB1Q0FAP1T7|2016-02-23T23:01:57Z|2016-02-23T23:02:21Z|151|0|152|1|153|1|154|1|155|0|156|1|157|1|158|1|159|0|160|0
37AQKJ12TXOZ2N9CJFB6SNEBN70TTV|A324J3PKWTCJS3|3OS4RQUCR9FS9GVNEBKX09O8AGGBF6|2016-02-24T02:05:04Z|2016-02-24T02:05:22Z|151|0|152|0|153|0|154|0|155|1|156|1|157|0|158|0|159|1|160|0
37AQKJ12TXOZ2N9CJFB6SNEBN70TTV|A1M8AYAL3L8ACP|3UN61F00HWPNNQJN4WTEEC2Z39Y5RP|2016-02-24T03:06:14Z|2016-02-24T03:06:42Z|151|0|152|1|153|0|154|0|155|0|156|1|157|0|158|0|159|0|160|0
37AQKJ12TXOZ2N9CJFB6SNEBN70TTV|A2LBUK8ZN41NN6|3KWTYT08703CKSOAZCWIS0T0XHA5L0|2016-02-24T03:07:37Z|2016-02-24T03:08:09Z|151|0|152|1|153|0|154|1|155|0|156|1|157|0|158|1|159|0|160|1
37AQKJ12TXOZ2N9CJFB6SNEBN70TTV|ALT88JWMD3JVJ|3MH9DQ757WCDJF0OPM7ANKG80I2GUA|2016-02-24T03:55:03Z|2016-02-24T03:55:37Z|151|0|152|1|153|0|154|0|155|0|156|1|157|0|158|0|159|1|160|0
37AQKJ12TXOZ2N9CJFB6SNEBN70TTV|A2BIB960QFJWZD|3QAVNHZ3EM49QY0RU8NZ0B9MPWRLA4|2016-02-24T05:20:50Z|2016-02-24T05:21:47Z|151|0|152|0|153|1|154|0|155|0|156|1|157|0|158|0|159|0|160|0
37AQKJ12TXOZ2N9CJFB6SNEBN70TTV|A8NE1BQNCZKO3|3QECW5O0KH1035WF8LY9ER3HRXET5F|2016-02-24T07:48:35Z|2016-02-24T07:49:44Z|151|0|152|1|153|0|154|0|155|0|156|1|157|0|158|0|159|0|160|0
37AQKJ12TXOZ2N9CJFB6SNEBN70TTV|A1QL9C7SQYFRTF|33FBRBDW6OZ246D6KXAM11D453YC84|2016-02-24T14:52:59Z|2016-02-24T14:54:07Z|151|0|152|1|153|0|154|0|155|0|156|1|157|0|158|0|159|0|160|0
37AQKJ12TXOZ2N9CJFB6SNEBN70TTV|A11GZD9WJCPS4J|3DH6GAKTYYPUR5FYPFSOBC2R70OZY5|2016-02-24T14:56:32Z|2016-02-24T14:58:53Z|151|0|152|1|153|0|154|0|155|1|156|0|157|0|158|0|159|0|160|0
37AQKJ12TXOZ2N9CJFB6SNEBN70TTV|AKNJ0JN48VOTO|3FTOP5WARFO7UVE9ZLETVQKHCP7J0E|2016-02-24T15:33:29Z|2016-02-24T15:34:43Z|151|0|152|1|153|0|154|0|155|1|156|1|157|0|158|0|159|1|160|0
37AQKJ12TXOZ2N9CJFB6SNEBN70TTV|A2A71RV1O0FNS2|3RSDURM96AMWGAO2TSEBQ219JVIYE3|2016-02-24T16:57:33Z|2016-02-24T16:58:34Z|151|0|152|1|153|0|154|0|155|0|156|0|157|0|158|0|159|0|160|0
37AQKJ12TXOZ2N9CJFB6SNEBN70TTV|A2S1BEE53WY5IX|33FOTY3KEMLKT6TLLC17MRQWRZCC18|2016-02-24T17:41:12Z|2016-02-24T17:43:01Z|151|0|152|1|153|0|154|0|155|1|156|1|157|0|158|0|159|0|160|0
37AQKJ12TXOZ2N9CJFB6SNEBN70TTV|AK7U41KDD6VJQ|3ZY8KE4ISJ349JJ2X8MRDKMTKITQVP|2016-02-24T18:06:29Z|2016-02-24T18:07:44Z|151|1|152|1|153|0|154|0|155|0|156|1|157|1|158|0|159|0|160|0
3HUR21WDDUP20QHQYVZ2P7RWF45XY4|A3I9XLIHPPWPN1|3ERMJ6L4DYSBDEKENHCUQXMLOLE7MO|2016-02-23T19:40:37Z|2016-02-23T19:41:14Z|161|0|162|0|163|0|164|1|165|1|166|1|167|0|168|1|169|1|170|1
3HUR21WDDUP20QHQYVZ2P7RWF45XY4|A3BKT9H4GNKLY7|3BEFOD78W6TEUR2VLJENNL2BXLVM4U|2016-02-23T21:48:02Z|2016-02-23T21:48:49Z|161|1|162|0|163|0|164|1|165|1|166|1|167|0|168|1|169|1|170|1
3HUR21WDDUP20QHQYVZ2P7RWF45XY4|A1WKC33YFTKWJC|3TPWUS5F891DU79OI0QSFHGQN0CCWA|2016-02-23T22:29:43Z|2016-02-23T22:30:34Z|161|0|162|0|163|0|164|1|165|1|166|0|167|0|168|1|169|1|170|1
3HUR21WDDUP20QHQYVZ2P7RWF45XY4|AMKWR51EXOPA4|39OWYR0EPKROMOOYO3YH8KM9VMKFY5|2016-02-23T22:55:00Z|2016-02-23T22:55:22Z|161|0|162|0|163|0|164|0|165|0|166|0|167|0|168|0|169|1|170|1
3HUR21WDDUP20QHQYVZ2P7RWF45XY4|ABKPRL0J5P06O|34PGFRQONOB02LFUSS7E2LTLDLLJWX|2016-02-23T23:23:10Z|2016-02-23T23:24:23Z|161|1|162|0|163|0|164|1|165|1|166|1|167|0|168|1|169|1|170|1
3HUR21WDDUP20QHQYVZ2P7RWF45XY4|A25EH8ZCH4ELVS|3EA3QWIZ4IVCFTRUF5H3307MWE3TIY|2016-02-24T01:01:01Z|2016-02-24T01:01:52Z|161|0|162|0|163|0|164|1|165|1|166|1|167|1|168|1|169|1|170|1
3HUR21WDDUP20QHQYVZ2P7RWF45XY4|A324J3PKWTCJS3|3LQ8PUHQFLSMAK0ZFB0EPH4YLL9HIF|2016-02-24T01:59:22Z|2016-02-24T01:59:41Z|161|1|162|0|163|0|164|1|165|1|166|0|167|0|168|1|169|1|170|1
3HUR21WDDUP20QHQYVZ2P7RWF45XY4|A2LBUK8ZN41NN6|3M81GAB8A0JP05LWSRVRC8SMHJCBQP|2016-02-24T02:49:51Z|2016-02-24T02:51:11Z|161|1|162|0|163|0|164|0|165|0|166|1|167|0|168|0|169|1|170|0
3HUR21WDDUP20QHQYVZ2P7RWF45XY4|A1M8AYAL3L8ACP|3MAOD8E57QABABB5HVVSXBO9VBOXN8|2016-02-24T03:19:11Z|2016-02-24T03:19:46Z|161|0|162|0|163|0|164|1|165|1|166|1|167|0|168|0|169|1|170|0
3HUR21WDDUP20QHQYVZ2P7RWF45XY4|A2BIB960QFJWZD|31N2WW6R9RQN6LRAZI5RIQQWMQAF3U|2016-02-24T05:07:31Z|2016-02-24T05:07:56Z|161|1|162|0|163|0|164|0|165|0|166|0|167|0|168|0|169|0|170|1
3HUR21WDDUP20QHQYVZ2P7RWF45XY4|A9MK3VLKHHXJ6|3I7DHKZYGN0QK0EED1TKXNOG0NJ5FU|2016-02-24T06:01:39Z|2016-02-24T06:06:36Z|161|0|162|0|163|0|164|1|165|1|166|1|167|0|168|1|169|1|170|1
3HUR21WDDUP20QHQYVZ2P7RWF45XY4|A1MY1NJKYL2A5G|3PMBY0YE2732IBWGPPG01X8FP6IC9P|2016-02-24T06:29:12Z|2016-02-24T06:29:55Z|161|0|162|0|163|0|164|1|165|0|166|0|167|0|168|1|169|1|170|1
3HUR21WDDUP20QHQYVZ2P7RWF45XY4|A8NE1BQNCZKO3|3XC1O3LBOSME5UZ008EGVGZEDM5TLS|2016-02-24T06:52:53Z|2016-02-24T06:54:10Z|161|0|162|0|163|0|164|1|165|1|166|1|167|0|168|1|169|1|170|1
3HUR21WDDUP20QHQYVZ2P7RWF45XY4|A11GZD9WJCPS4J|3HMVI3QICJSXW9UQH4JWJIIFULL1YS|2016-02-24T15:28:08Z|2016-02-24T15:29:37Z|161|0|162|1|163|0|164|1|165|1|166|1|167|0|168|1|169|1|170|1
3HUR21WDDUP20QHQYVZ2P7RWF45XY4|AKNJ0JN48VOTO|3N1FSUEFL50BQXWI8QFK4VFHOI44DH|2016-02-24T16:10:35Z|2016-02-24T16:11:22Z|161|1|162|0|163|1|164|0|165|1|166|1|167|0|168|1|169|0|170|1
3HUR21WDDUP20QHQYVZ2P7RWF45XY4|A2S1BEE53WY5IX|3A1COHJ8NJVTLEOM6PONCSAKIXN8HX|2016-02-24T17:40:36Z|2016-02-24T17:41:11Z|161|1|162|0|163|0|164|1|165|1|166|0|167|0|168|1|169|1|170|1
3HXCEECSQMTR5LH5ZDNNMS77N54YZ5|A2TRHLKQ4IWLIB|3X1FV8S5JXRDWUPOUCHFJ6IREGUGV0|2016-02-23T19:11:07Z|2016-02-23T19:12:01Z|131|0|132|0|133|0|134|1|135|0|136|1|137|0|138|0|139|1|140|1
3HXCEECSQMTR5LH5ZDNNMS77N54YZ5|A1WKC33YFTKWJC|33TIN5LC04AFLEXLLHYPYO0YSOLY9S|2016-02-23T22:49:01Z|2016-02-23T22:49:43Z|131|0|132|0|133|0|134|1|135|0|136|0|137|0|138|0|139|1|140|1
3HXCEECSQMTR5LH5ZDNNMS77N54YZ5|AMKWR51EXOPA4|3IGI0VL647KOG2XDG48WEYXGJ38NOA|2016-02-23T22:56:05Z|2016-02-23T22:56:29Z|131|0|132|0|133|0|134|0|135|0|136|0|137|0|138|0|139|0|140|0
3HXCEECSQMTR5LH5ZDNNMS77N54YZ5|A324J3PKWTCJS3|39ASUFLU6X77G5YSOWS97OU0HHWXEO|2016-02-24T01:19:09Z|2016-02-24T01:19:48Z|131|1|132|0|133|0|134|1|135|0|136|1|137|0|138|0|139|1|140|1
3HXCEECSQMTR5LH5ZDNNMS77N54YZ5|A2LBUK8ZN41NN6|351SEKWQS0HRUNLOEUFGQPWHA3PDM9|2016-02-24T02:45:04Z|2016-02-24T02:45:49Z|131|0|132|0|133|0|134|1|135|1|136|0|137|0|138|0|139|0|140|0
3HXCEECSQMTR5LH5ZDNNMS77N54YZ5|A2BIB960QFJWZD|3N2BF7Y2VQU863QQ0QY6HABF2W4MHF|2016-02-24T05:12:38Z|2016-02-24T05:14:53Z|131|1|132|0|133|0|134|0|135|0|136|0|137|0|138|0|139|1|140|0
3HXCEECSQMTR5LH5ZDNNMS77N54YZ5|A8NE1BQNCZKO3|3IXQG4FA2TYJ864ABPK5QD2X7M59B4|2016-02-24T08:19:59Z|2016-02-24T08:21:14Z|131|0|132|0|133|0|134|1|135|0|136|0|137|0|138|0|139|1|140|1
3HXCEECSQMTR5LH5ZDNNMS77N54YZ5|AMKBLZ2CJ7KLO|358010RM5ETOIGKEJMHJ7SIMHHOVXR|2016-02-24T09:24:21Z|2016-02-24T09:25:30Z|131|0|132|0|133|0|134|1|135|0|136|0|137|0|138|0|139|0|140|0
3HXCEECSQMTR5LH5ZDNNMS77N54YZ5|AX990JJDWNSV2|32SCWG5HIH4YUH3MWNZU1NGKYR4P6Q|2016-02-24T13:48:40Z|2016-02-24T13:50:09Z|131|0|132|0|133|0|134|1|135|0|136|1|137|0|138|0|139|1|140|1
3HXCEECSQMTR5LH5ZDNNMS77N54YZ5|A1QL9C7SQYFRTF|3TGOYF991XMWOX1J9RWRRZHZ9U4UUJ|2016-02-24T15:16:35Z|2016-02-24T15:17:53Z|131|0|132|0|133|0|134|1|135|0|136|1|137|0|138|0|139|1|140|1
3HXCEECSQMTR5LH5ZDNNMS77N54YZ5|A11GZD9WJCPS4J|3KKG4CDWKIYZN7J1WAAIIZWRXW694K|2016-02-24T15:15:06Z|2016-02-24T15:23:48Z|131|0|132|0|133|0|134|1|135|0|136|0|137|0|138|0|139|1|140|1
3HXCEECSQMTR5LH5ZDNNMS77N54YZ5|AKNJ0JN48VOTO|3Z3ZLGNNSIUKXAHJDYGLUPUATXV3QY|2016-02-24T16:08:36Z|2016-02-24T16:09:46Z|131|0|132|0|133|0|134|0|135|0|136|0|137|0|138|0|139|1|140|1
3HXCEECSQMTR5LH5ZDNNMS77N54YZ5|A2S1BEE53WY5IX|3W92K5RLWUHFGX04DGYOF9R2OMY5VJ|2016-02-24T17:43:01Z|2016-02-24T17:43:46Z|131|0|132|0|133|0|134|1|135|0|136|0|137|0|138|0|139|1|140|1
3HXCEECSQMTR5LH5ZDNNMS77N54YZ5|AK7U41KDD6VJQ|338JKRMM26Z742H13N818JGF8LTHAG|2016-02-24T17:56:48Z|2016-02-24T17:58:04Z|131|0|132|0|133|0|134|1|135|0|136|0|137|0|138|0|139|1|140|1
30U1YOGZGAWR6Y008P61DE03I2YDS7|A2HVG934DIDSXQ|3A4TN5196KIVXHEZN14SEE6389GCHL|2016-02-23T18:43:24Z|2016-02-23T18:44:27Z|141|1|142|1|143|1|144|1|145|1|146|1|147|0|148|0|149|1|150|0
30U1YOGZGAWR6Y008P61DE03I2YDS7|A1WKC33YFTKWJC|3NG53N1RLVJLYVMAP2WSL1CB4CPP8N|2016-02-23T22:32:12Z|2016-02-23T22:32:57Z|141|1|142|1|143|1|144|0|145|0|146|1|147|1|148|1|149|1|150|0
30U1YOGZGAWR6Y008P61DE03I2YDS7|AMKWR51EXOPA4|3TOK3KHVJTIZDH5Q0XR7I1BQJO0O7X|2016-02-23T22:52:05Z|2016-02-23T22:52:24Z|141|0|142|0|143|0|144|0|145|0|146|0|147|0|148|0|149|0|150|0
30U1YOGZGAWR6Y008P61DE03I2YDS7|A2LBUK8ZN41NN6|3KRVW3HTZNLXWC46BKA5LOIHB63MSG|2016-02-24T02:55:14Z|2016-02-24T02:56:09Z|141|1|142|0|143|1|144|0|145|1|146|0|147|1|148|0|149|1|150|0
30U1YOGZGAWR6Y008P61DE03I2YDS7|A324J3PKWTCJS3|3R9WASFE2ZGOREY3KP00MRVB1K1FZH|2016-02-24T03:18:37Z|2016-02-24T03:19:03Z|141|1|142|0|143|1|144|1|145|1|146|1|147|0|148|0|149|0|150|0
30U1YOGZGAWR6Y008P61DE03I2YDS7|A1M8AYAL3L8ACP|3QAPZX2QN4D7OZG1S081W9Y0A9J20Y|2016-02-24T03:30:20Z|2016-02-24T03:30:55Z|141|1|142|1|143|1|144|1|145|1|146|1|147|1|148|0|149|0|150|0
30U1YOGZGAWR6Y008P61DE03I2YDS7|AWHCA5PZ6MTKB|3570Y55XZPJU0OKTZN4ZQ5MLW6VGYQ|2016-02-24T04:33:45Z|2016-02-24T04:34:46Z|141|1|142|1|143|1|144|0|145|0|146|1|147|1|148|0|149|1|150|0
30U1YOGZGAWR6Y008P61DE03I2YDS7|A2BIB960QFJWZD|3R9WASFE2ZGOREY3KP00MRVB1LCZFE|2016-02-24T05:22:37Z|2016-02-24T05:23:03Z|141|1|142|0|143|0|144|0|145|0|146|1|147|0|148|0|149|0|150|0
30U1YOGZGAWR6Y008P61DE03I2YDS7|A8NE1BQNCZKO3|3GS6S824SQXWLB6F7QZ6VSA2MBGWNG|2016-02-24T06:28:50Z|2016-02-24T06:29:58Z|141|1|142|1|143|1|144|1|145|0|146|1|147|1|148|0|149|1|150|0
30U1YOGZGAWR6Y008P61DE03I2YDS7|A9MK3VLKHHXJ6|3HRMW88U16QXV3KU2IRLBICYGG2M0F|2016-02-24T07:12:56Z|2016-02-24T07:21:30Z|141|1|142|1|143|1|144|0|145|1|146|1|147|1|148|0|149|1|150|0
30U1YOGZGAWR6Y008P61DE03I2YDS7|A11GZD9WJCPS4J|3R0T90IZ1SCHXLJO3VMATEU2TMAGCN|2016-02-24T14:47:45Z|2016-02-24T14:50:45Z|141|1|142|1|143|0|144|1|145|1|146|1|147|0|148|0|149|0|150|0
30U1YOGZGAWR6Y008P61DE03I2YDS7|A1QL9C7SQYFRTF|3PJUZCGDJ6G068638D0VZBCWZIX89L|2016-02-24T14:56:35Z|2016-02-24T14:57:43Z|141|1|142|1|143|1|144|0|145|0|146|1|147|1|148|0|149|0|150|0
30U1YOGZGAWR6Y008P61DE03I2YDS7|AKNJ0JN48VOTO|34Q075JO1XD0ZEY59W8NRQOVI8801S|2016-02-24T15:31:07Z|2016-02-24T15:31:58Z|141|1|142|1|143|1|144|1|145|1|146|1|147|1|148|0|149|1|150|0
30U1YOGZGAWR6Y008P61DE03I2YDS7|AK7U41KDD6VJQ|34HJIJKLP5WXKEW4ZBFEAHLOOQA4VK|2016-02-24T18:02:54Z|2016-02-24T18:04:18Z|141|1|142|1|143|0|144|0|145|1|146|0|147|0|148|0|149|0|150|0
30U1YOGZGAWR6Y008P61DE03I2YDS7|A2S1BEE53WY5IX|32Z9ZLUT1LKW66B2D6DJ9E0KX23HOL|2016-02-24T18:11:16Z|2016-02-24T18:11:53Z|141|1|142|1|143|1|144|1|145|0|146|1|147|1|148|0|149|1|150|0
3ZC62PVYDHAD0LRGTZD06TKNDYBXXY|A1M8AYAL3L8ACP|32Z9ZLUT1LKW66B2D6DJ9E0KXPCOHB|2016-02-23T21:09:40Z|2016-02-23T21:10:27Z|121|1|122|1|123|1|124|1|125|0|126|0|127|0|128|1|129|0|130|0
3ZC62PVYDHAD0LRGTZD06TKNDYBXXY|A3BKT9H4GNKLY7|3ATPCQ38J8ATQX7QDNCPUJBIY55YA7|2016-02-23T21:49:41Z|2016-02-23T21:50:16Z|121|1|122|1|123|1|124|1|125|0|126|1|127|0|128|1|129|0|130|0
3ZC62PVYDHAD0LRGTZD06TKNDYBXXY|ABKPRL0J5P06O|30BUDKLTXDVYEMEIIQ9EF53GOF95E3|2016-02-23T22:08:35Z|2016-02-23T22:09:38Z|121|1|122|1|123|1|124|1|125|0|126|1|127|1|128|1|129|0|130|0
3ZC62PVYDHAD0LRGTZD06TKNDYBXXY|AMKWR51EXOPA4|3IUZPWIU1O7VD5LCAD7Q30TYSA1KWD|2016-02-23T22:54:39Z|2016-02-23T22:54:59Z|121|0|122|0|123|0|124|0|125|0|126|0|127|0|128|0|129|0|130|0
3ZC62PVYDHAD0LRGTZD06TKNDYBXXY|A1WKC33YFTKWJC|3STRJBFXOWR3LOHIF82FGGMZOGMKTQ|2016-02-23T22:58:20Z|2016-02-23T22:59:07Z|121|1|122|1|123|1|124|1|125|0|126|1|127|1|128|1|129|0|130|0
3ZC62PVYDHAD0LRGTZD06TKNDYBXXY|A324J3PKWTCJS3|3P1L2B7AD1PYS2US4RSH16TREBDLOH|2016-02-24T01:52:23Z|2016-02-24T01:52:37Z|121|1|122|0|123|0|124|0|125|1|126|0|127|0|128|0|129|1|130|0
3ZC62PVYDHAD0LRGTZD06TKNDYBXXY|A2LBUK8ZN41NN6|3H7XDTSHKCRQBJPTKMMB5815LXNGWH|2016-02-24T02:54:39Z|2016-02-24T02:55:13Z|121|1|122|0|123|1|124|1|125|0|126|1|127|0|128|1|129|0|130|1
3ZC62PVYDHAD0LRGTZD06TKNDYBXXY|A2BIB960QFJWZD|3TOK3KHVJTIZDH5Q0XR7I1BQJTP7OF|2016-02-24T05:15:41Z|2016-02-24T05:16:10Z|121|0|122|1|123|0|124|0|125|0|126|0|127|0|128|1|129|0|130|0
3ZC62PVYDHAD0LRGTZD06TKNDYBXXY|A8NE1BQNCZKO3|3HYA4D452RJYL3VRVIRMZGL4GD02FY|2016-02-24T06:30:21Z|2016-02-24T06:31:40Z|121|1|122|1|123|1|124|1|125|0|126|1|127|1|128|1|129|1|130|0
3ZC62PVYDHAD0LRGTZD06TKNDYBXXY|AK7U41KDD6VJQ|3L2IS5HSFAIJT7HACQK5D4P51WGNUL|2016-02-24T10:35:45Z|2016-02-24T10:37:04Z|121|0|122|1|123|0|124|1|125|0|126|0|127|1|128|1|129|0|130|0
3ZC62PVYDHAD0LRGTZD06TKNDYBXXY|AKNJ0JN48VOTO|3E7TUJ2EGCMCN32UPLBBL3QXA969D4|2016-02-24T15:36:35Z|2016-02-24T15:37:37Z|121|1|122|1|123|1|124|1|125|1|126|1|127|1|128|1|129|0|130|0
3ZC62PVYDHAD0LRGTZD06TKNDYBXXY|A11GZD9WJCPS4J|3WMOAN2SRBXJ6M6AHGUA9QROF69VN8|2016-02-24T16:33:55Z|2016-02-24T16:35:24Z|121|1|122|1|123|1|124|1|125|0|126|0|127|0|128|1|129|0|130|0
3ZC62PVYDHAD0LRGTZD06TKNDYBXXY|A20S8DKJRN3FK6|3RWE2M8QWHA3DL5UEJ6LOX1YLA0N0C|2016-02-24T16:43:35Z|2016-02-24T16:44:28Z|121|1|122|1|123|1|124|1|125|0|126|0|127|1|128|1|129|1|130|0
3ZC62PVYDHAD0LRGTZD06TKNDYBXXY|A2S1BEE53WY5IX|3A1COHJ8NJVTLEOM6PONCSAKIXOH87|2016-02-24T17:44:37Z|2016-02-24T17:45:21Z|121|0|122|1|123|1|124|1|125|0|126|1|127|1|128|1|129|1|130|0
39WSF6KUV2LH0CM7X30CZR8NLPWOEE|A3I9XLIHPPWPN1|31T4R4OBOSGY4S8NASIGN1H9U7CC7D|2016-02-23T19:44:25Z|2016-02-23T19:45:25Z|111|0|112|1|113|0|114|1|115|0|116|1|117|0|118|1|119|0|120|0
39WSF6KUV2LH0CM7X30CZR8NLPWOEE|A324J3PKWTCJS3|3Z4AIRP3C6D8W44GC8XU04B6S41X16|2016-02-23T20:37:41Z|2016-02-23T20:37:59Z|111|0|112|0|113|1|114|0|115|1|116|1|117|1|118|0|119|1|120|1
39WSF6KUV2LH0CM7X30CZR8NLPWOEE|ABKPRL0J5P06O|369J354OFDASH4ANT4977E2SXQZ6G1|2016-02-23T22:07:25Z|2016-02-23T22:08:31Z|111|0|112|1|113|0|114|1|115|0|116|0|117|0|118|1|119|0|120|0
39WSF6KUV2LH0CM7X30CZR8NLPWOEE|A1WKC33YFTKWJC|3570Y55XZPJU0OKTZN4ZQ5MLW07GYQ|2016-02-23T22:35:23Z|2016-02-23T22:36:09Z|111|0|112|1|113|0|114|0|115|0|116|0|117|0|118|1|119|0|120|0
39WSF6KUV2LH0CM7X30CZR8NLPWOEE|AMKWR51EXOPA4|3BEFOD78W6TEUR2VLJENNL2BXMTM4U|2016-02-23T22:49:44Z|2016-02-23T22:50:04Z|111|1|112|1|113|1|114|1|115|1|116|1|117|1|118|1|119|1|120|1
39WSF6KUV2LH0CM7X30CZR8NLPWOEE|A2LBUK8ZN41NN6|33LK57MYLT5XVJ3PQ90ZTQEQQAPZSE|2016-02-24T03:06:45Z|2016-02-24T03:07:09Z|111|0|112|1|113|0|114|1|115|0|116|1|117|0|118|1|119|0|120|1
39WSF6KUV2LH0CM7X30CZR8NLPWOEE|A1M8AYAL3L8ACP|3EJPLAJKEMGS8L5SJWXWSLIY8LXZ6X|2016-02-24T03:17:08Z|2016-02-24T03:17:46Z|111|0|112|1|113|0|114|1|115|0|116|1|117|0|118|1|119|0|120|0
39WSF6KUV2LH0CM7X30CZR8NLPWOEE|A2BIB960QFJWZD|3GA6AFUKOOO7KHIGU8TRLB2925P3HI|2016-02-24T05:17:52Z|2016-02-24T05:18:57Z|111|0|112|0|113|0|114|1|115|1|116|0|117|0|118|0|119|0|120|0
39WSF6KUV2LH0CM7X30CZR8NLPWOEE|A1HVP51VLTA16X|37UEWGM5HT8OZ8I439R2BMPIRVZR13|2016-02-24T06:37:46Z|2016-02-24T06:38:38Z|111|0|112|1|113|0|114|1|115|0|116|1|117|0|118|1|119|0|120|0
39WSF6KUV2LH0CM7X30CZR8NLPWOEE|A8NE1BQNCZKO3|3TVSS0C0E10UGOBZ4MLI4RGUBTBWTQ|2016-02-24T07:03:08Z|2016-02-24T07:04:14Z|111|0|112|0|113|0|114|0|115|0|116|0|117|0|118|1|119|0|120|0
39WSF6KUV2LH0CM7X30CZR8NLPWOEE|AK7U41KDD6VJQ|3K772S5NP8BAUFYDJSAN4266TWEEHN|2016-02-24T10:37:04Z|2016-02-24T10:45:02Z|111|1|112|0|113|0|114|1|115|1|116|1|117|0|118|0|119|0|120|0
39WSF6KUV2LH0CM7X30CZR8NLPWOEE|A1QL9C7SQYFRTF|3PJUZCGDJ6G068638D0VZBCWZIC890|2016-02-24T13:47:04Z|2016-02-24T13:48:21Z|111|0|112|0|113|0|114|1|115|0|116|0|117|0|118|1|119|0|120|0
39WSF6KUV2LH0CM7X30CZR8NLPWOEE|AKNJ0JN48VOTO|3KKG4CDWKIYZN7J1WAAIIZWRXWB94P|2016-02-24T15:30:10Z|2016-02-24T15:31:06Z|111|0|112|1|113|0|114|1|115|0|116|1|117|0|118|0|119|0|120|0
39WSF6KUV2LH0CM7X30CZR8NLPWOEE|A11GZD9WJCPS4J|3PXX5PX6LXYXDPEF3VY5M8DHD7SABV|2016-02-24T16:24:28Z|2016-02-24T16:26:00Z|111|0|112|0|113|0|114|1|115|0|116|0|117|0|118|0|119|0|120|0
39WSF6KUV2LH0CM7X30CZR8NLPWOEE|A12MVDP939816I|3EQHHY4HQSSWY0A9OLZ2F8OS160G5T|2016-02-24T17:16:58Z|2016-02-24T17:17:54Z|111|0|112|1|113|0|114|1|115|1|116|1|117|0|118|1|119|0|120|0
3OEWW2KGQJBC868718PST9Q2LDVODL|A1WKC33YFTKWJC|3O7L7BFSHEPAQA9XPAS84E7LT28IEL|2016-02-23T22:56:07Z|2016-02-23T22:56:49Z|101|0|102|1|103|0|104|0|105|0|106|0|107|0|108|1|109|0|110|0
3OEWW2KGQJBC868718PST9Q2LDVODL|AMKWR51EXOPA4|32SCWG5HIH4YUH3MWNZU1NGKYILP6P|2016-02-23T23:05:20Z|2016-02-23T23:05:44Z|101|0|102|0|103|0|104|0|105|0|106|0|107|0|108|0|109|0|110|0
3OEWW2KGQJBC868718PST9Q2LDVODL|A1M8AYAL3L8ACP|3Z9WI9EOZZODGFQNFELQ2XJBDNSHKG|2016-02-23T23:54:33Z|2016-02-23T23:55:08Z|101|0|102|1|103|0|104|0|105|1|106|0|107|1|108|1|109|0|110|0
3OEWW2KGQJBC868718PST9Q2LDVODL|A324J3PKWTCJS3|3RKNTXVS3MYDSQT6OGOIEU7B38IA4I|2016-02-24T01:59:45Z|2016-02-24T02:00:00Z|101|1|102|1|103|0|104|0|105|1|106|0|107|1|108|1|109|0|110|0
3OEWW2KGQJBC868718PST9Q2LDVODL|A2LBUK8ZN41NN6|3MH9DQ757WCDJF0OPM7ANKG80HHGUN|2016-02-24T03:08:38Z|2016-02-24T03:09:08Z|101|0|102|1|103|0|104|1|105|0|106|1|107|0|108|1|109|0|110|1
3OEWW2KGQJBC868718PST9Q2LDVODL|A2BIB960QFJWZD|3CP1TO84PT16J622P6EDD4URRIZ52T|2016-02-24T05:20:04Z|2016-02-24T05:20:50Z|101|0|102|0|103|0|104|0|105|0|106|0|107|0|108|0|109|0|110|0
3OEWW2KGQJBC868718PST9Q2LDVODL|A1MY1NJKYL2A5G|3HVVDCPGTESY5T6ZJN36PO1AM13YTJ|2016-02-24T06:32:05Z|2016-02-24T06:32:49Z|101|0|102|1|103|0|104|0|105|1|106|0|107|1|108|1|109|0|110|0
3OEWW2KGQJBC868718PST9Q2LDVODL|A9MK3VLKHHXJ6|3E1QT0TDFP9TH9Z6C768C4BZI5RI8F|2016-02-24T06:54:48Z|2016-02-24T06:56:21Z|101|0|102|1|103|0|104|0|105|1|106|0|107|1|108|1|109|0|110|0
3OEWW2KGQJBC868718PST9Q2LDVODL|A8NE1BQNCZKO3|3K4J6M3CXETT46MQJHQJNJ4ETG0AGK|2016-02-24T06:59:59Z|2016-02-24T07:01:02Z|101|1|102|1|103|0|104|0|105|0|106|0|107|1|108|1|109|0|110|0
3OEWW2KGQJBC868718PST9Q2LDVODL|A11GZD9WJCPS4J|3CP1TO84PT16J622P6EDD4URRMO52Q|2016-02-24T15:04:15Z|2016-02-24T15:05:29Z|101|0|102|1|103|0|104|0|105|1|106|0|107|0|108|1|109|0|110|0
3OEWW2KGQJBC868718PST9Q2LDVODL|AKNJ0JN48VOTO|308Q0PEVB8DTVEIGHZCMC06A2EBI9C|2016-02-24T15:29:21Z|2016-02-24T15:30:09Z|101|0|102|1|103|0|104|0|105|0|106|0|107|0|108|0|109|0|110|0
3EHVO81VN5L8OU68H2A78YSSKUF1HL|A3I9XLIHPPWPN1|39RP059MEHTYFQN40YOAVZ8H7B6MBQ|2016-02-23T19:42:58Z|2016-02-23T19:43:30Z|91|1|92|1|93|1|94|0|95|0|96|0|97|0|98|0|99|0|100|1
3EHVO81VN5L8OU68H2A78YSSKUF1HL|A1EIT99M9WK8Y0|3YZ8UPK3VTM023KJN0BRXTVT2IBUCZ|2016-02-23T19:45:53Z|2016-02-23T19:48:43Z|91|0|92|1|93|1|94|0|95|0|96|0|97|0|98|0|99|0|100|1
3EHVO81VN5L8OU68H2A78YSSKUF1HL|A1WKC33YFTKWJC|3HUTX6F6VUNSRG8KULACMAUI88G2OX|2016-02-23T22:54:49Z|2016-02-23T22:55:26Z|91|1|92|1|93|1|94|0|95|0|96|0|97|0|98|0|99|0|100|1
3EHVO81VN5L8OU68H2A78YSSKUF1HL|AMKWR51EXOPA4|333U7HK6I9F1TFF3BX2OAX4065VDJY|2016-02-23T22:55:23Z|2016-02-23T22:55:42Z|91|1|92|1|93|1|94|1|95|1|96|1|97|1|98|1|99|1|100|1
3EHVO81VN5L8OU68H2A78YSSKUF1HL|ABKPRL0J5P06O|3IUZPWIU1O7VD5LCAD7Q30TYSALWK9|2016-02-23T23:24:23Z|2016-02-23T23:25:49Z|91|1|92|1|93|1|94|0|95|1|96|0|97|0|98|0|99|0|100|1
3EHVO81VN5L8OU68H2A78YSSKUF1HL|A324J3PKWTCJS3|3Q8GYXHFEP2JHOU4MZ3JPH3D3645CO|2016-02-24T01:10:20Z|2016-02-24T01:10:49Z|91|1|92|1|93|1|94|0|95|0|96|1|97|0|98|0|99|1|100|1
3EHVO81VN5L8OU68H2A78YSSKUF1HL|A2LBUK8ZN41NN6|3ZOTGHDK5IBLWFPIO0PIDS7M66BOSQ|2016-02-24T02:39:13Z|2016-02-24T02:40:08Z|91|1|92|1|93|1|94|0|95|0|96|0|97|0|98|0|99|0|100|1
3EHVO81VN5L8OU68H2A78YSSKUF1HL|A2BIB960QFJWZD|3X73LLYYQ1EEOLBQCRD6UP0F7MAHN6|2016-02-24T04:51:49Z|2016-02-24T04:52:39Z|91|0|92|1|93|1|94|0|95|0|96|0|97|0|98|0|99|0|100|1
3EHVO81VN5L8OU68H2A78YSSKUF1HL|A8NE1BQNCZKO3|3PMBY0YE2732IBWGPPG01X8FP6DC9K|2016-02-24T06:13:28Z|2016-02-24T06:14:42Z|91|1|92|1|93|1|94|1|95|1|96|1|97|0|98|0|99|0|100|1
3EHVO81VN5L8OU68H2A78YSSKUF1HL|A1MY1NJKYL2A5G|3LWJHTCVCCMFDMXCXTHNVYJ7WJEFQP|2016-02-24T06:30:47Z|2016-02-24T06:32:05Z|91|1|92|0|93|1|94|0|95|1|96|0|97|0|98|0|99|0|100|1
3EHVO81VN5L8OU68H2A78YSSKUF1HL|A33CTXG6M0L4ON|39OWYR0EPKROMOOYO3YH8KM9VU1YFL|2016-02-24T13:20:20Z|2016-02-24T13:21:55Z|91|1|92|1|93|1|94|0|95|1|96|0|97|0|98|0|99|0|100|1
3EHVO81VN5L8OU68H2A78YSSKUF1HL|A11GZD9WJCPS4J|3QAPZX2QN4D7OZG1S081W9Y0AEF204|2016-02-24T15:12:08Z|2016-02-24T15:15:01Z|91|1|92|1|93|1|94|0|95|1|96|0|97|1|98|0|99|0|100|1
3EHVO81VN5L8OU68H2A78YSSKUF1HL|AKNJ0JN48VOTO|3EJJQNKU9R5Z3J3I5YUN395P8N1RHE|2016-02-24T15:24:31Z|2016-02-24T15:25:30Z|91|0|92|1|93|1|94|0|95|1|96|0|97|0|98|0|99|0|100|1
3APP19WN71EPVKCU3246IU78D5HG6Y|A3I9XLIHPPWPN1|3DEL4X4EL6L5MAFJOX43ERMGZO8XY0|2016-02-23T19:43:30Z|2016-02-23T19:44:25Z|81|1|82|1|83|1|84|0|85|0|86|1|87|0|88|0|89|1|90|0
3APP19WN71EPVKCU3246IU78D5HG6Y|A1EIT99M9WK8Y0|3SKEMFQBZ35KN4PUCARKPKQCA0XK8R|2016-02-23T19:53:02Z|2016-02-23T19:55:05Z|81|0|82|1|83|1|84|0|85|1|86|1|87|0|88|0|89|0|90|0
3APP19WN71EPVKCU3246IU78D5HG6Y|A3F52M330VFQEN|3TGOYF991XMWOX1J9RWRRZHZ9IQUUH|2016-02-23T19:57:23Z|2016-02-23T19:58:25Z|81|1|82|1|83|1|84|0|85|1|86|1|87|0|88|0|89|0|90|0
3APP19WN71EPVKCU3246IU78D5HG6Y|AMKWR51EXOPA4|3QL2OFSM96IN7D0AQZZ5JY3ZUPRCN4|2016-02-23T22:58:15Z|2016-02-23T22:58:35Z|81|0|82|0|83|0|84|0|85|0|86|0|87|0|88|0|89|0|90|0
3APP19WN71EPVKCU3246IU78D5HG6Y|A1WKC33YFTKWJC|378XPAWRUCD70XSL95QM8VHU8NCAIK|2016-02-23T22:59:18Z|2016-02-23T23:00:15Z|81|0|82|1|83|1|84|0|85|0|86|1|87|0|88|0|89|0|90|0
3APP19WN71EPVKCU3246IU78D5HG6Y|A324J3PKWTCJS3|3634BBTX0OU2WO9TKLCEMWSL560FIJ|2016-02-24T02:06:03Z|2016-02-24T02:06:23Z|81|0|82|1|83|0|84|0|85|0|86|1|87|0|88|0|89|0|90|0
3APP19WN71EPVKCU3246IU78D5HG6Y|A2LBUK8ZN41NN6|3COPXFW7XBC5TWOBYRTVB6L2ZHUPKR|2016-02-24T02:40:08Z|2016-02-24T02:41:23Z|81|0|82|1|83|1|84|0|85|0|86|1|87|0|88|0|89|0|90|0
3APP19WN71EPVKCU3246IU78D5HG6Y|A2BIB960QFJWZD|3JNQLM5FT4MKLV5NHTUKUTQOD8YL2W|2016-02-24T05:16:37Z|2016-02-24T05:17:28Z|81|0|82|1|83|0|84|0|85|0|86|0|87|0|88|0|89|0|90|0
3APP19WN71EPVKCU3246IU78D5HG6Y|A8NE1BQNCZKO3|3JJVG1YBEBX07J2Y8Z7OEXXVLP1B5S|2016-02-24T06:37:10Z|2016-02-24T06:38:35Z|81|1|82|1|83|1|84|0|85|0|86|1|87|0|88|0|89|0|90|0
3APP19WN71EPVKCU3246IU78D5HG6Y|AKNJ0JN48VOTO|392CY0QWG1RSY8C404GVVSVUGN64ID|2016-02-24T15:54:39Z|2016-02-24T15:55:48Z|81|0|82|1|83|1|84|0|85|1|86|1|87|0|88|0|89|0|90|0
3APP19WN71EPVKCU3246IU78D5HG6Y|A11GZD9WJCPS4J|3C2NJ6JBKAHA9V88T6AZ7LUDI8I2N9|2016-02-24T16:35:28Z|2016-02-24T16:38:26Z|81|1|82|1|83|1|84|0|85|1|86|1|87|0|88|0|89|0|90|0
3APP19WN71EPVKCU3246IU78D5HG6Y|A2S1BEE53WY5IX|3A4NIXBJ76ZASZ9GRBD4924MJJIML3|2016-02-24T17:34:37Z|2016-02-24T17:35:34Z|81|0|82|1|83|1|84|0|85|0|86|1|87|0|88|0|89|0|90|1
30OITAWPBQ3QDZ93LFP0N4ABI639H2|A3LKPKKY5MJN1T|3OLF68YTN91NQ6QV8XK15Y42STUFA4|2016-02-23T21:06:58Z|2016-02-23T21:07:40Z|71|1|72|0|73|1|74|1|75|0|76|0|77|0|78|1|79|0|80|1
30OITAWPBQ3QDZ93LFP0N4ABI639H2|A1WKC33YFTKWJC|3K3R2QNK8B3Y45DGBG10V3ULWZ3U9H|2016-02-23T22:38:20Z|2016-02-23T22:39:39Z|71|1|72|0|73|1|74|1|75|0|76|0|77|0|78|1|79|0|80|1
30OITAWPBQ3QDZ93LFP0N4ABI639H2|AMKWR51EXOPA4|3GU1KF0O4I140TKHSEG2C32CCJPBPP|2016-02-23T22:53:54Z|2016-02-23T22:54:19Z|71|0|72|0|73|0|74|0|75|0|76|0|77|0|78|0|79|0|80|0
30OITAWPBQ3QDZ93LFP0N4ABI639H2|A324J3PKWTCJS3|33CID57104T96D16LT8PD3VGJKPL3U|2016-02-24T02:06:27Z|2016-02-24T02:06:43Z|71|1|72|0|73|0|74|1|75|0|76|1|77|1|78|1|79|0|80|1
30OITAWPBQ3QDZ93LFP0N4ABI639H2|A2LBUK8ZN41NN6|37TD41K0AH9KNQSFYVGRISD5HS0SC5|2016-02-24T02:57:36Z|2016-02-24T02:58:36Z|71|0|72|1|73|0|74|1|75|0|76|1|77|0|78|1|79|0|80|1
30OITAWPBQ3QDZ93LFP0N4ABI639H2|A1M8AYAL3L8ACP|3LS2AMNW5FQ9JZA5WW0DISSLOI7OQI|2016-02-24T03:19:53Z|2016-02-24T03:20:20Z|71|1|72|0|73|0|74|1|75|0|76|0|77|0|78|1|79|0|80|1
30OITAWPBQ3QDZ93LFP0N4ABI639H2|A2BIB960QFJWZD|35K3O9HUABDQGJ77O2MN1HUTDF0FEL|2016-02-24T05:08:31Z|2016-02-24T05:09:01Z|71|1|72|0|73|1|74|1|75|0|76|0|77|0|78|0|79|0|80|0
30OITAWPBQ3QDZ93LFP0N4ABI639H2|A9MK3VLKHHXJ6|3R2PKQ87NW882Y1A68GRHMCU2AFMI6|2016-02-24T06:53:54Z|2016-02-24T06:54:48Z|71|1|72|0|73|0|74|1|75|0|76|0|77|0|78|1|79|0|80|1
30OITAWPBQ3QDZ93LFP0N4ABI639H2|A8NE1BQNCZKO3|3X4JMASXCM91CCGXBT1CX2144I5B0O|2016-02-24T07:50:16Z|2016-02-24T07:51:11Z|71|1|72|0|73|1|74|1|75|0|76|0|77|0|78|1|79|0|80|0
30OITAWPBQ3QDZ93LFP0N4ABI639H2|A1QL9C7SQYFRTF|3R8YZBNQ9HI2YTI6FAJB766QYX87QU|2016-02-24T13:39:50Z|2016-02-24T13:41:11Z|71|1|72|0|73|0|74|1|75|0|76|0|77|1|78|1|79|0|80|1
30OITAWPBQ3QDZ93LFP0N4ABI639H2|AKNJ0JN48VOTO|3C2NJ6JBKAHA9V88T6AZ7LUDI842NV|2016-02-24T15:55:49Z|2016-02-24T15:56:33Z|71|1|72|0|73|0|74|1|75|0|76|0|77|1|78|1|79|0|80|0
30OITAWPBQ3QDZ93LFP0N4ABI639H2|A11GZD9WJCPS4J|3LRLIPTPEQ9Y6SI998BYLBW701ZAKD|2016-02-24T16:19:22Z|2016-02-24T16:20:47Z|71|1|72|0|73|0|74|0|75|0|76|0|77|0|78|1|79|0|80|1
30OITAWPBQ3QDZ93LFP0N4ABI639H2|A2S1BEE53WY5IX|3ZR9AIQJUB9HRDVOWERPPOVYUU704Y|2016-02-24T18:28:09Z|2016-02-24T18:28:47Z|71|1|72|0|73|1|74|1|75|1|76|0|77|0|78|1|79|0|80|1
3ZTE0JGGCES23E2T1CUH938K0DJOCL|A1GDQ2QVPW8DBR|3LUY3GC63Z0HYHHRFX4M71GGTP7P7I|2016-02-23T19:05:48Z|2016-02-23T19:06:22Z|61|0|62|0|63|1|64|1|65|0|66|0|67|0|68|0|69|1|70|1
3ZTE0JGGCES23E2T1CUH938K0DJOCL|A2TRHLKQ4IWLIB|3HYA4D452RJYL3VRVIRMZGL4G3Z2FD|2016-02-23T19:06:01Z|2016-02-23T19:07:23Z|61|0|62|0|63|1|64|1|65|0|66|0|67|1|68|0|69|1|70|1
3ZTE0JGGCES23E2T1CUH938K0DJOCL|A3I9XLIHPPWPN1|3QILPRALQ5VLVAAX9NJ0HC7G4VUN8R|2016-02-23T19:42:05Z|2016-02-23T19:42:58Z|61|0|62|0|63|1|64|1|65|0|66|0|67|0|68|0|69|1|70|1
3ZTE0JGGCES23E2T1CUH938K0DJOCL|A1EIT99M9WK8Y0|3GDTJDAPVUBFDSPXXM404XIGZ5KM8Q|2016-02-23T19:41:49Z|2016-02-23T19:43:36Z|61|0|62|0|63|1|64|1|65|0|66|0|67|1|68|0|69|1|70|0
3ZTE0JGGCES23E2T1CUH938K0DJOCL|A1WKC33YFTKWJC|3MB8LZR5BFTF2B9D6Z0OUPCIU2MLK8|2016-02-23T22:37:40Z|2016-02-23T22:38:20Z|61|0|62|0|63|1|64|1|65|0|66|0|67|0|68|0|69|1|70|1
3ZTE0JGGCES23E2T1CUH938K0DJOCL|AMKWR51EXOPA4|3VNL7UK1XFJS52P4EXBI03UUGK9FTN|2016-02-23T23:04:19Z|2016-02-23T23:04:46Z|61|0|62|0|63|0|64|0|65|0|66|0|67|0|68|0|69|0|70|0
3ZTE0JGGCES23E2T1CUH938K0DJOCL|A324J3PKWTCJS3|33TIN5LC04AFLEXLLHYPYO0YSQ2Y9D|2016-02-24T01:08:18Z|2016-02-24T01:09:04Z|61|0|62|0|63|1|64|1|65|0|66|0|67|1|68|0|69|1|70|1
3ZTE0JGGCES23E2T1CUH938K0DJOCL|A2LBUK8ZN41NN6|33OOO72IVHLL2Q5UNVLHSX9RJB8CT8|2016-02-24T02:44:05Z|2016-02-24T02:45:04Z|61|0|62|0|63|1|64|1|65|0|66|0|67|0|68|0|69|0|70|0
3ZTE0JGGCES23E2T1CUH938K0DJOCL|A2BIB960QFJWZD|3TY7ZAOG5FK25FKRH6E5W5KURA8K07|2016-02-24T05:16:10Z|2016-02-24T05:16:37Z|61|0|62|0|63|0|64|0|65|0|66|0|67|0|68|0|69|0|70|0
3ZTE0JGGCES23E2T1CUH938K0DJOCL|A8NE1BQNCZKO3|3NJM2BJS4W6NAYCN6ECXNN8UUA3CPN|2016-02-24T06:39:59Z|2016-02-24T06:41:10Z|61|0|62|0|63|1|64|1|65|0|66|0|67|0|68|0|69|1|70|1
3ZTE0JGGCES23E2T1CUH938K0DJOCL|A33CTXG6M0L4ON|3XXU1SWE8MVWT2B55F1G2RHYM190A9|2016-02-24T13:18:22Z|2016-02-24T13:19:45Z|61|0|62|1|63|1|64|1|65|0|66|0|67|1|68|0|69|1|70|1
3ZTE0JGGCES23E2T1CUH938K0DJOCL|A1QL9C7SQYFRTF|3S0TNUHWKTIC9YJKKT5XL7VMQ308DQ|2016-02-24T14:16:38Z|2016-02-24T14:18:05Z|61|0|62|0|63|1|64|1|65|0|66|0|67|1|68|0|69|1|70|1
3ZTE0JGGCES23E2T1CUH938K0DJOCL|AKNJ0JN48VOTO|3SB5N7Y3O34X3TO8RFTQYDS1KXP0GQ|2016-02-24T15:25:30Z|2016-02-24T15:27:52Z|61|0|62|0|63|1|64|1|65|0|66|0|67|1|68|0|69|0|70|1
3ZTE0JGGCES23E2T1CUH938K0DJOCL|A11GZD9WJCPS4J|3W2LOLRXLBFQ594QBJXKG1LH046KRC|2016-02-24T15:29:40Z|2016-02-24T15:30:43Z|61|0|62|0|63|1|64|1|65|1|66|0|67|1|68|0|69|1|70|1
3Y3CZJSZ9KTK16LUEUODPS7FJJHR5P|A3I9XLIHPPWPN1|39LOEL67OS5ER6HNR4ZL8Y9AZD138N|2016-02-23T19:37:25Z|2016-02-23T19:38:07Z|51|0|52|1|53|0|54|0|55|0|56|0|57|0|58|1|59|1|60|1
3Y3CZJSZ9KTK16LUEUODPS7FJJHR5P|A3LKPKKY5MJN1T|30LB5CDZNCAXUAJDH7HFJK87VCDZ0M|2016-02-23T21:09:53Z|2016-02-23T21:10:38Z|51|0|52|1|53|0|54|0|55|0|56|0|57|0|58|1|59|0|60|0
3Y3CZJSZ9KTK16LUEUODPS7FJJHR5P|A1WKC33YFTKWJC|339ANSOTR52DCA17LW3B29KQDZYKI1|2016-02-23T22:47:20Z|2016-02-23T22:48:20Z|51|0|52|1|53|0|54|1|55|1|56|0|57|0|58|1|59|1|60|1
3Y3CZJSZ9KTK16LUEUODPS7FJJHR5P|AMKWR51EXOPA4|3TESA3PJ31AUYHR1RNEJ9FJBJDJMMU|2016-02-23T22:56:53Z|2016-02-23T22:57:28Z|51|0|52|0|53|0|54|0|55|1|56|1|57|0|58|1|59|1|60|1
3Y3CZJSZ9KTK16LUEUODPS7FJJHR5P|A324J3PKWTCJS3|37QW5D2ZRGMIBN22HJ0MG6HMRZVS8B|2016-02-24T01:17:02Z|2016-02-24T01:17:31Z|51|0|52|1|53|0|54|1|55|0|56|1|57|0|58|1|59|1|60|1
3Y3CZJSZ9KTK16LUEUODPS7FJJHR5P|A2LBUK8ZN41NN6|3HMIGG0U4L6F79EBGPSBYS5N8MGY8O|2016-02-24T03:09:55Z|2016-02-24T03:10:26Z|51|1|52|1|53|1|54|1|55|1|56|1|57|1|58|1|59|1|60|1
3Y3CZJSZ9KTK16LUEUODPS7FJJHR5P|A2BIB960QFJWZD|39LNWE0K4UWRF66JFA7D8WTOFVKUI6|2016-02-24T05:05:05Z|2016-02-24T05:06:36Z|51|0|52|0|53|0|54|1|55|0|56|0|57|0|58|1|59|0|60|0
3Y3CZJSZ9KTK16LUEUODPS7FJJHR5P|A1M8AYAL3L8ACP|3IRIK4HM3AKF0SUIRIDOHNHDZ5P6CN|2016-02-24T05:27:29Z|2016-02-24T05:28:04Z|51|0|52|1|53|0|54|1|55|0|56|0|57|0|58|1|59|1|60|1
3Y3CZJSZ9KTK16LUEUODPS7FJJHR5P|A1MY1NJKYL2A5G|3XLBSAQ9Z4CBCLJX262OYZIU3YF7Z6|2016-02-24T06:28:08Z|2016-02-24T06:29:12Z|51|0|52|1|53|0|54|1|55|0|56|0|57|0|58|1|59|1|60|0
3Y3CZJSZ9KTK16LUEUODPS7FJJHR5P|A8NE1BQNCZKO3|3X87C8JFV6BOHR2Y3DHM2X2ML9GQSR|2016-02-24T07:01:23Z|2016-02-24T07:02:46Z|51|0|52|1|53|0|54|0|55|0|56|0|57|0|58|1|59|0|60|0
3Y3CZJSZ9KTK16LUEUODPS7FJJHR5P|A9MK3VLKHHXJ6|3NQL1CS15R8DILAOOI3LQ6PVJMRVY4|2016-02-24T07:08:42Z|2016-02-24T07:12:56Z|51|0|52|1|53|0|54|1|55|0|56|0|57|0|58|1|59|1|60|0
3Y3CZJSZ9KTK16LUEUODPS7FJJHR5P|A1QL9C7SQYFRTF|3Z7ISHFUH0VFCZOGCBUUCZEPEL18ZG|2016-02-24T13:48:25Z|2016-02-24T13:49:35Z|51|0|52|0|53|0|54|0|55|0|56|1|57|0|58|1|59|1|60|1
3Y3CZJSZ9KTK16LUEUODPS7FJJHR5P|A11GZD9WJCPS4J|326O153BMIYTIZTBXWRXDHR816KDEG|2016-02-24T15:32:03Z|2016-02-24T15:33:23Z|51|0|52|0|53|0|54|1|55|0|56|0|57|0|58|1|59|1|60|1
3Y3CZJSZ9KTK16LUEUODPS7FJJHR5P|AKNJ0JN48VOTO|3LO69W1SU3DA0PDUG8F9WXKPNWBLGX|2016-02-24T16:01:37Z|2016-02-24T16:02:56Z|51|1|52|1|53|1|54|0|55|0|56|1|57|0|58|1|59|1|60|0
3Y3CZJSZ9KTK16LUEUODPS7FJJHR5P|A2S1BEE53WY5IX|3GNCZX450INZHJFPM0G6HSI6UCYPAO|2016-02-24T17:43:46Z|2016-02-24T17:44:36Z|51|0|52|1|53|0|54|0|55|0|56|0|57|0|58|1|59|1|60|0
3ZCC2DXSD74R0V703RL48LY5HB0YYE|A28LT6FH15V4XO|3WEV0KO0OMSUSIYTYRB22YVN2L9DS9|2016-02-23T19:55:02Z|2016-02-23T19:55:46Z|41|0|42|1|43|1|44|0|45|1|46|0|47|0|48|0|49|1|50|1
3ZCC2DXSD74R0V703RL48LY5HB0YYE|A3BKT9H4GNKLY7|3Q8GYXHFEP2JHOU4MZ3JPH3D33O5C2|2016-02-23T21:50:54Z|2016-02-23T21:51:27Z|41|0|42|0|43|0|44|0|45|1|46|0|47|0|48|0|49|1|50|1
3ZCC2DXSD74R0V703RL48LY5HB0YYE|A1WKC33YFTKWJC|3180JW2OT4C6P20AWRK5CLG8TOTJ5S|2016-02-23T22:49:43Z|2016-02-23T22:50:23Z|41|0|42|1|43|1|44|0|45|1|46|0|47|0|48|0|49|1|50|1
3ZCC2DXSD74R0V703RL48LY5HB0YYE|AMKWR51EXOPA4|3I7DHKZYGN0QK0EED1TKXNOG0HHF5Q|2016-02-23T22:55:43Z|2016-02-23T22:56:05Z|41|1|42|1|43|1|44|1|45|1|46|1|47|1|48|1|49|1|50|0
3ZCC2DXSD74R0V703RL48LY5HB0YYE|A1WJT8ONWOG3LV|3XIQGXAUMC8M7QJI1OE31E2JVU87XS|2016-02-24T00:48:27Z|2016-02-24T00:49:56Z|41|0|42|0|43|0|44|0|45|1|46|0|47|0|48|0|49|1|50|1
3ZCC2DXSD74R0V703RL48LY5HB0YYE|A324J3PKWTCJS3|3JBT3HLQF820IRNXYSW5YL9F3OQPZS|2016-02-24T01:10:54Z|2016-02-24T01:14:43Z|41|0|42|1|43|1|44|0|45|1|46|1|47|0|48|0|49|1|50|1
3ZCC2DXSD74R0V703RL48LY5HB0YYE|A2LBUK8ZN41NN6|3L6L49WXW0XGMKHPTKX16JRPBV745Y|2016-02-24T02:48:49Z|2016-02-24T02:49:51Z|41|0|42|0|43|0|44|0|45|0|46|0|47|0|48|0|49|0|50|1
3ZCC2DXSD74R0V703RL48LY5HB0YYE|A2BIB960QFJWZD|3U088ZLJVKTT0FE86KX8KGEPEHF0WH|2016-02-24T05:01:43Z|2016-02-24T05:05:05Z|41|0|42|0|43|0|44|0|45|0|46|0|47|0|48|0|49|0|50|1
3ZCC2DXSD74R0V703RL48LY5HB0YYE|A8NE1BQNCZKO3|3XXU1SWE8MVWT2B55F1G2RHYM0K0AI|2016-02-24T07:51:23Z|2016-02-24T07:53:19Z|41|0|42|0|43|1|44|0|45|1|46|0|47|1|48|0|49|1|50|1
3ZCC2DXSD74R0V703RL48LY5HB0YYE|AKNJ0JN48VOTO|3UXUOQ9OKEXABDBPQEMPH6RLUHUA72|2016-02-24T16:03:43Z|2016-02-24T16:04:39Z|41|0|42|0|43|1|44|0|45|1|46|0|47|0|48|1|49|1|50|1
3ZCC2DXSD74R0V703RL48LY5HB0YYE|A11GZD9WJCPS4J|3OS4RQUCR9FS9GVNEBKX09O8AN6BFA|2016-02-24T16:29:12Z|2016-02-24T16:30:08Z|41|0|42|0|43|0|44|0|45|0|46|0|47|0|48|0|49|1|50|1
36BTXXLZ2V825NHU0P53K011JNMR4K|A324J3PKWTCJS3|3K5TEWLKGVBRSLVJK0HI4IV7TU0VIN|2016-02-23T19:40:52Z|2016-02-23T19:41:12Z|31|0|32|1|33|1|34|0|35|0|36|1|37|1|38|0|39|0|40|1
36BTXXLZ2V825NHU0P53K011JNMR4K|AMKWR51EXOPA4|3WOKGM4L71GLV656FY6Y3M13BAW0OB|2016-02-23T22:53:16Z|2016-02-23T22:53:35Z|31|0|32|0|33|0|34|0|35|0|36|0|37|0|38|0|39|0|40|0
36BTXXLZ2V825NHU0P53K011JNMR4K|A1WKC33YFTKWJC|3EQHHY4HQSSWY0A9OLZ2F8OS1WEG5N|2016-02-23T22:52:27Z|2016-02-23T22:54:49Z|31|1|32|1|33|1|34|0|35|1|36|0|37|0|38|0|39|0|40|0
36BTXXLZ2V825NHU0P53K011JNMR4K|ABKPRL0J5P06O|3X4MXAO0BGOH09Y70XGN4CFCN2HWR4|2016-02-23T23:27:06Z|2016-02-23T23:27:57Z|31|1|32|1|33|1|34|0|35|1|36|0|37|0|38|0|39|0|40|0
36BTXXLZ2V825NHU0P53K011JNMR4K|A2LBUK8ZN41NN6|3PH3VY7DJLXQ20KYAEA0QFHBWNMWZR|2016-02-24T03:09:08Z|2016-02-24T03:09:31Z|31|0|32|1|33|0|34|1|35|0|36|1|37|0|38|1|39|0|40|1
36BTXXLZ2V825NHU0P53K011JNMR4K|AWHCA5PZ6MTKB|351SEKWQS0HRUNLOEUFGQPWHA42MDX|2016-02-24T04:36:02Z|2016-02-24T04:37:02Z|31|1|32|1|33|0|34|0|35|1|36|0|37|0|38|0|39|0|40|0
36BTXXLZ2V825NHU0P53K011JNMR4K|A2BIB960QFJWZD|3WLEIWSYHOHIZZMXQ8FM21XHWRK2H1|2016-02-24T04:58:16Z|2016-02-24T04:58:41Z|31|0|32|0|33|0|34|1|35|1|36|0|37|0|38|0|39|0|40|0
36BTXXLZ2V825NHU0P53K011JNMR4K|A8NE1BQNCZKO3|30LSNF239UVIVUXHWQX72DYWW5TI26|2016-02-24T06:33:07Z|2016-02-24T06:34:48Z|31|1|32|1|33|1|34|0|35|1|36|1|37|0|38|0|39|0|40|0
36BTXXLZ2V825NHU0P53K011JNMR4K|A3E99RF0VMUEAW|3URFVVM165IDAWVTFEVZ8RWEB9SZUG|2016-02-24T07:40:51Z|2016-02-24T07:42:14Z|31|1|32|1|33|0|34|0|35|0|36|0|37|0|38|0|39|0|40|0
36BTXXLZ2V825NHU0P53K011JNMR4K|A85LU0G1VS57G|3URFVVM165IDAWVTFEVZ8RWEBAMUZ7|2016-02-24T10:23:38Z|2016-02-24T10:25:29Z|31|1|32|0|33|0|34|0|35|0|36|0|37|0|38|0|39|0|40|0
36BTXXLZ2V825NHU0P53K011JNMR4K|A11GZD9WJCPS4J|39RP059MEHTYFQN40YOAVZ8H7NSMB0|2016-02-24T15:09:59Z|2016-02-24T15:12:03Z|31|1|32|1|33|1|34|0|35|1|36|0|37|0|38|0|39|0|40|0
36BTXXLZ2V825NHU0P53K011JNMR4K|AKNJ0JN48VOTO|3HQUKB7LNFEMEPPF9TITP53JLE4HH8|2016-02-24T15:28:07Z|2016-02-24T15:29:18Z|31|1|32|0|33|0|34|0|35|0|36|0|37|0|38|0|39|0|40|0
36BTXXLZ2V825NHU0P53K011JNMR4K|AK7U41KDD6VJQ|3STRJBFXOWR3LOHIF82FGGMZORKTKJ|2016-02-24T18:04:19Z|2016-02-24T18:06:29Z|31|1|32|0|33|0|34|0|35|1|36|0|37|0|38|0|39|0|40|0
36BTXXLZ2V825NHU0P53K011JNMR4K|A2S1BEE53WY5IX|3A1PQ49WVHHBAE4174F8XINC4RSH1X|2016-02-24T18:11:54Z|2016-02-24T18:12:31Z|31|1|32|1|33|1|34|0|35|1|36|0|37|0|38|0|39|0|40|0
3DW3BNF1GHIVHVLDLC0Q29696FV8V1|A2TRHLKQ4IWLIB|31QNSG6A5RTWSPIATG2BLFLQ4F678F|2016-02-23T19:03:57Z|2016-02-23T19:04:57Z|21|1|22|1|23|1|24|1|25|1|26|0|27|0|28|0|29|0|30|1
3DW3BNF1GHIVHVLDLC0Q29696FV8V1|A3I9XLIHPPWPN1|3R6P78PK7KBYJ2LZPHH0IOU6HWTGT1|2016-02-23T19:41:14Z|2016-02-23T19:42:04Z|21|1|22|1|23|1|24|0|25|1|26|0|27|0|28|0|29|0|30|0
3DW3BNF1GHIVHVLDLC0Q29696FV8V1|ABKPRL0J5P06O|3ZAZR5XV01IHO2ETTNAZELA8419ZCE|2016-02-23T21:08:06Z|2016-02-23T21:09:30Z|21|1|22|1|23|0|24|1|25|1|26|0|27|0|28|0|29|0|30|0
3DW3BNF1GHIVHVLDLC0Q29696FV8V1|A35JCNZJI2MQ20|3BF51CHDTVAB3PJJBLB8JD42ZNIH02|2016-02-23T21:52:13Z|2016-02-23T21:53:21Z|21|1|22|0|23|1|24|1|25|1|26|0|27|0|28|0|29|0|30|0
3DW3BNF1GHIVHVLDLC0Q29696FV8V1|AMKWR51EXOPA4|37U1UTWH9VM6A82P2U0HQWCQ5VV8RI|2016-02-23T22:59:34Z|2016-02-23T23:00:02Z|21|0|22|0|23|0|24|0|25|0|26|0|27|0|28|0|29|0|30|0
3DW3BNF1GHIVHVLDLC0Q29696FV8V1|A1WKC33YFTKWJC|3YWRV122CSZYQ0U66OVMV7ZACU18UO|2016-02-23T23:01:49Z|2016-02-23T23:02:30Z|21|1|22|1|23|1|24|1|25|1|26|0|27|0|28|0|29|0|30|0
3DW3BNF1GHIVHVLDLC0Q29696FV8V1|A1M8AYAL3L8ACP|3UNH76FOCS5USYGFAQ2U3A6ISOZYM0|2016-02-23T23:53:51Z|2016-02-23T23:54:26Z|21|1|22|1|23|0|24|0|25|1|26|0|27|0|28|0|29|0|30|0
3DW3BNF1GHIVHVLDLC0Q29696FV8V1|A2LBUK8ZN41NN6|3QHK8ZVMIMIE985J0MNVVMTS7DRLBC|2016-02-24T02:56:09Z|2016-02-24T02:56:53Z|21|1|22|0|23|1|24|0|25|1|26|0|27|1|28|0|29|1|30|0
3DW3BNF1GHIVHVLDLC0Q29696FV8V1|A2BIB960QFJWZD|3TVSS0C0E10UGOBZ4MLI4RGUBS8WTL|2016-02-24T04:52:39Z|2016-02-24T04:53:09Z|21|1|22|0|23|1|24|1|25|0|26|0|27|0|28|0|29|0|30|0
3DW3BNF1GHIVHVLDLC0Q29696FV8V1|A8NE1BQNCZKO3|3WMOAN2SRBXJ6M6AHGUA9QROF2CVN3|2016-02-24T06:20:45Z|2016-02-24T06:22:07Z|21|1|22|1|23|1|24|1|25|1|26|0|27|0|28|0|29|0|30|1
3DW3BNF1GHIVHVLDLC0Q29696FV8V1|A9MK3VLKHHXJ6|3R08VXYT7CV7IQESRJIHZVOCMWD7WI|2016-02-24T06:32:49Z|2016-02-24T06:33:42Z|21|1|22|1|23|1|24|1|25|1|26|0|27|0|28|0|29|0|30|1
3DW3BNF1GHIVHVLDLC0Q29696FV8V1|A1QL9C7SQYFRTF|36TFCYNS44AJ0FPUEX0FSRRD94DHXR|2016-02-24T14:57:53Z|2016-02-24T14:59:07Z|21|1|22|0|23|1|24|0|25|1|26|0|27|0|28|0|29|0|30|0
3DW3BNF1GHIVHVLDLC0Q29696FV8V1|AKNJ0JN48VOTO|3WEV0KO0OMSUSIYTYRB22YVN2XUDSI|2016-02-24T15:37:38Z|2016-02-24T15:38:34Z|21|1|22|1|23|0|24|0|25|0|26|1|27|0|28|0|29|0|30|0
3DW3BNF1GHIVHVLDLC0Q29696FV8V1|A11GZD9WJCPS4J|32Q90QCQ1SL1W5ZLPDDKHUMYLGZKEK|2016-02-24T16:27:15Z|2016-02-24T16:28:12Z|21|1|22|0|23|0|24|0|25|1|26|0|27|0|28|0|29|0|30|0
3DW3BNF1GHIVHVLDLC0Q29696FV8V1|A2S1BEE53WY5IX|3TXD01ZLD4HX7Z74UL59EVJ5AJB4U5|2016-02-24T18:27:00Z|2016-02-24T18:28:09Z|21|1|22|1|23|1|24|1|25|1|26|0|27|0|28|0|29|0|30|0
3PUV2Q8SV44SPCJYX3K6NPQ3EECBD4|A3BKT9H4GNKLY7|3YOH7BII097IYGL7K32UHYAKL0WVK9|2016-02-23T21:49:01Z|2016-02-23T21:49:41Z|11|1|12|0|13|1|14|0|15|0|16|1|17|1|18|1|19|0|20|1
3PUV2Q8SV44SPCJYX3K6NPQ3EECBD4|A1WKC33YFTKWJC|3PZDLQMM0TLRIRBH4G1LRA01JUTC26|2016-02-23T22:48:20Z|2016-02-23T22:49:01Z|11|1|12|0|13|1|14|0|15|0|16|1|17|1|18|1|19|0|20|1
3PUV2Q8SV44SPCJYX3K6NPQ3EECBD4|AMKWR51EXOPA4|3LRKMWOKB5H4QKMRWULT281MSCIZ2V|2016-02-23T22:54:19Z|2016-02-23T22:54:39Z|11|0|12|0|13|0|14|0|15|0|16|0|17|0|18|0|19|0|20|0
3PUV2Q8SV44SPCJYX3K6NPQ3EECBD4|A1M8AYAL3L8ACP|3Y4W8Q93LZKAKAFXSMG7DLFU1TLDV4|2016-02-24T00:18:32Z|2016-02-24T00:19:05Z|11|1|12|0|13|1|14|0|15|0|16|1|17|1|18|1|19|0|20|1
3PUV2Q8SV44SPCJYX3K6NPQ3EECBD4|A2LBUK8ZN41NN6|3TR2532VIPU2860O1AUA4RU8PNBJ6N|2016-02-24T02:56:54Z|2016-02-24T02:57:35Z|11|0|12|1|13|0|14|1|15|0|16|1|17|0|18|1|19|0|20|1
3PUV2Q8SV44SPCJYX3K6NPQ3EECBD4|A324J3PKWTCJS3|3ATPCQ38J8ATQX7QDNCPUJBIYBIAY8|2016-02-24T04:32:48Z|2016-02-24T04:32:55Z|11|0|12|0|13|1|14|0|15|1|16|0|17|0|18|0|19|1|20|1
3PUV2Q8SV44SPCJYX3K6NPQ3EECBD4|A2BIB960QFJWZD|37UEWGM5HT8OZ8I439R2BMPIRU7R19|2016-02-24T05:10:04Z|2016-02-24T05:10:28Z|11|0|12|0|13|0|14|0|15|0|16|0|17|0|18|1|19|0|20|0
3PUV2Q8SV44SPCJYX3K6NPQ3EECBD4|A8NE1BQNCZKO3|3S0TNUHWKTIC9YJKKT5XL7VMQ0J8D3|2016-02-24T06:55:45Z|2016-02-24T06:56:37Z|11|1|12|0|13|1|14|0|15|0|16|0|17|1|18|1|19|0|20|1
3PUV2Q8SV44SPCJYX3K6NPQ3EECBD4|A8WLCSZLNZ8BL|39GHHAVOMFROTJWAIM1V7TAUTZQ4JE|2016-02-24T10:48:39Z|2016-02-24T10:49:41Z|11|1|12|0|13|0|14|0|15|1|16|0|17|1|18|1|19|0|20|1
3PUV2Q8SV44SPCJYX3K6NPQ3EECBD4|A2ES446BBCJUCK|36WLNQG78ZA032VRJ00RIR38YLTBES|2016-02-24T14:41:45Z|2016-02-24T14:42:36Z|11|1|12|0|13|1|14|0|15|0|16|1|17|1|18|1|19|1|20|1
3PUV2Q8SV44SPCJYX3K6NPQ3EECBD4|A1QL9C7SQYFRTF|3R2PKQ87NW882Y1A68GRHMCU2D8IM1|2016-02-24T14:54:44Z|2016-02-24T14:55:43Z|11|1|12|0|13|1|14|0|15|0|16|1|17|1|18|1|19|0|20|1
3PUV2Q8SV44SPCJYX3K6NPQ3EECBD4|A11GZD9WJCPS4J|3X87C8JFV6BOHR2Y3DHM2X2MLCASQT|2016-02-24T15:08:19Z|2016-02-24T15:09:55Z|11|1|12|0|13|1|14|0|15|0|16|1|17|1|18|1|19|0|20|1
3PUV2Q8SV44SPCJYX3K6NPQ3EECBD4|AKNJ0JN48VOTO|3S4AW7T80BIUO9KAL7D8N8NMXQSL4Y|2016-02-24T15:31:59Z|2016-02-24T15:32:41Z|11|1|12|0|13|1|14|0|15|0|16|1|17|1|18|1|19|0|20|1
3PUV2Q8SV44SPCJYX3K6NPQ3EECBD4|AK7U41KDD6VJQ|32AT8R96GL9G9K9FKM1RCYZBOZ2USQ|2016-02-24T17:58:05Z|2016-02-24T17:59:22Z|11|0|12|0|13|0|14|0|15|0|16|0|17|1|18|1|19|0|20|1
3PUV2Q8SV44SPCJYX3K6NPQ3EECBD4|A2S1BEE53WY5IX|3IQ1VMJRYTKEPWZI5BK9V2IRP8S9AP|2016-02-24T18:13:08Z|2016-02-24T18:13:39Z|11|1|12|0|13|1|14|0|15|0|16|1|17|1|18|1|19|0|20|1
3VDVA3ILIDFUOYBXXWSPNYGR5U21GM|A3LKPKKY5MJN1T|384PI804XS10TYXZMFN7NRB48XBS08|2016-02-23T21:04:16Z|2016-02-23T21:05:14Z|1|0|2|0|3|0|4|0|5|0|6|0|7|0|8|0|9|1|10|0
3VDVA3ILIDFUOYBXXWSPNYGR5U21GM|A3BKT9H4GNKLY7|3M0BCWMB8VWUK2HI40UX4XA85FVBWL|2016-02-23T21:57:22Z|2016-02-23T21:57:56Z|1|1|2|0|3|0|4|0|5|0|6|0|7|0|8|0|9|1|10|1
3VDVA3ILIDFUOYBXXWSPNYGR5U21GM|AMKWR51EXOPA4|3RUIQRXJBBOQMHRVRZCP9PPXJ34LLQ|2016-02-23T22:57:52Z|2016-02-23T22:58:15Z|1|0|2|0|3|0|4|0|5|0|6|0|7|0|8|0|9|0|10|0
3VDVA3ILIDFUOYBXXWSPNYGR5U21GM|A1WKC33YFTKWJC|351SEKWQS0HRUNLOEUFGQPWHAZVMDG|2016-02-23T23:02:30Z|2016-02-23T23:03:08Z|1|1|2|0|3|0|4|0|5|0|6|0|7|0|8|0|9|1|10|1
3VDVA3ILIDFUOYBXXWSPNYGR5U21GM|A324J3PKWTCJS3|3MYYFCXHJ37E2H69AGGSAGIE12X4GO|2016-02-24T01:04:53Z|2016-02-24T01:05:07Z|1|0|2|1|3|0|4|1|5|1|6|0|7|0|8|0|9|1|10|1
3VDVA3ILIDFUOYBXXWSPNYGR5U21GM|A2LBUK8ZN41NN6|3MRNMEIQW567O533EIE1QCHSAY6DLE|2016-02-24T03:03:51Z|2016-02-24T03:04:17Z|1|0|2|1|3|0|4|1|5|0|6|1|7|0|8|1|9|0|10|1
3VDVA3ILIDFUOYBXXWSPNYGR5U21GM|A2BIB960QFJWZD|3ZV9H2YQQD7PH7D5P7FRMECWHTZW38|2016-02-24T05:06:44Z|2016-02-24T05:07:31Z|1|0|2|0|3|0|4|0|5|0|6|0|7|0|8|0|9|0|10|1
3VDVA3ILIDFUOYBXXWSPNYGR5U21GM|A9MK3VLKHHXJ6|3BEFOD78W6TEUR2VLJENNL2BXSS4MN|2016-02-24T05:38:26Z|2016-02-24T05:43:33Z|1|1|2|0|3|0|4|0|5|0|6|0|7|0|8|0|9|1|10|1
3VDVA3ILIDFUOYBXXWSPNYGR5U21GM|A8NE1BQNCZKO3|3KMS4QQVK2QT2JZHKOXQZC7YXDKFKV|2016-02-24T06:23:20Z|2016-02-24T06:24:26Z|1|1|2|0|3|0|4|0|5|0|6|0|7|0|8|0|9|1|10|1
3VDVA3ILIDFUOYBXXWSPNYGR5U21GM|AKNJ0JN48VOTO|30JNVC0OR9KZRIOISJ5NYJVKC1NHQR|2016-02-24T14:46:41Z|2016-02-24T14:48:29Z|1|1|2|0|3|0|4|0|5|0|6|0|7|0|8|0|9|1|10|1
3VDVA3ILIDFUOYBXXWSPNYGR5U21GM|A11GZD9WJCPS4J|3K2755HG5S3LODT7S7B3VZC8D7ODFN|2016-02-24T14:54:12Z|2016-02-24T14:55:18Z|1|1|2|1|3|0|4|0|5|0|6|0|7|0|8|0|9|1|10|1
3VDVA3ILIDFUOYBXXWSPNYGR5U21GM|A2S1BEE53WY5IX|36DSNE9QZ5YSXC6S16G4LRGZAUDOJ3|2016-02-24T18:29:25Z|2016-02-24T18:30:29Z|1|1|2|0|3|0|4|0|5|0|6|0|7|0|8|0|9|1|10|1
