3SBX2M1TKDN2TM2UNAG3FARWN94Q4I|A324J3PKWTCJS3|3LS2AMNW5FQ9JZA5WW0DISSKMHWOQ1|2016-02-19T17:15:37Z|2016-02-19T17:16:19Z|801|0|802|0|803|1|804|0|805|0|806|1|807|1|808|0|809|1|810|1
3SBX2M1TKDN2TM2UNAG3FARWN94Q4I|AK7U41KDD6VJQ|308Q0PEVB8DTVEIGHZCMC06909QI9D|2016-02-19T18:18:26Z|2016-02-19T18:19:57Z|801|0|802|0|803|1|804|0|805|0|806|0|807|0|808|0|809|1|810|0
3SBX2M1TKDN2TM2UNAG3FARWN94Q4I|A1TS1VZKN0YLMZ|3EO896NRAWV8A4B0XN23F1ML70OTJG|2016-02-19T23:39:54Z|2016-02-19T23:40:45Z|801|0|802|1|803|1|804|0|805|1|806|1|807|0|808|0|809|1|810|1
3SBX2M1TKDN2TM2UNAG3FARWN94Q4I|A1JVUD5XUB9H48|3EFVCAY5L39PCKJCUPR8O5QYTN3J8H|2016-02-19T23:37:41Z|2016-02-19T23:42:11Z|801|1|802|1|803|1|804|0|805|0|806|1|807|0|808|0|809|1|810|0
3SBX2M1TKDN2TM2UNAG3FARWN94Q4I|A18DLTHQXKDX0Y|3BXQMRHWKZYDBPWA0P550P04U82UMO|2016-02-19T23:56:17Z|2016-02-19T23:57:53Z|801|0|802|0|803|1|804|0|805|0|806|1|807|1|808|0|809|1|810|1
3SBX2M1TKDN2TM2UNAG3FARWN94Q4I|AMKWR51EXOPA4|3N2BF7Y2VQU863QQ0QY6HABE024MHN|2016-02-20T01:59:04Z|2016-02-20T01:59:29Z|801|0|802|0|803|0|804|0|805|0|806|0|807|0|808|0|809|1|810|1
3SBX2M1TKDN2TM2UNAG3FARWN94Q4I|AM6RXZEET0140|30LB5CDZNCAXUAJDH7HFJK86TS2Z03|2016-02-20T05:32:31Z|2016-02-20T05:33:06Z|801|1|802|1|803|1|804|0|805|0|806|1|807|1|808|0|809|1|810|1
3SBX2M1TKDN2TM2UNAG3FARWN94Q4I|ADQ3CT01ITFPT|3VHP9MDGRNKBJLNTSBGSBTUPQCOFC7|2016-02-20T06:57:12Z|2016-02-20T06:58:25Z|801|1|802|1|803|1|804|0|805|1|806|1|807|1|808|0|809|1|810|1
3SBX2M1TKDN2TM2UNAG3FARWN94Q4I|A2VPA03Z8NUSFH|3OUYGIZWR7Y3G6H7UYJDSM6TKUIP00|2016-02-20T07:12:30Z|2016-02-20T07:13:39Z|801|0|802|0|803|1|804|0|805|0|806|1|807|1|808|0|809|1|810|0
3SBX2M1TKDN2TM2UNAG3FARWN94Q4I|A2BIB960QFJWZD|37UQDCYH6XVU31EN19DLDT5YEWM7V0|2016-02-20T11:06:51Z|2016-02-20T11:09:36Z|801|0|802|0|803|0|804|0|805|0|806|1|807|0|808|0|809|1|810|0
3SBX2M1TKDN2TM2UNAG3FARWN94Q4I|A1J8LWB778XFZI|3VFJCI1K4ZZL3N87LSC5I9TOSWDGRA|2016-02-20T16:50:47Z|2016-02-20T16:52:16Z|801|0|802|0|803|1|804|1|805|1|806|1|807|1|808|0|809|1|810|1
3L4YG5VW9NSL49HIBZBCIFE3H78DDD|ASW9RE5GEG0FS|37XITHEISW98MBS2J6GMSI88TPERC7|2016-02-19T17:16:19Z|2016-02-19T17:17:13Z|811|0|812|0|813|0|814|0|815|0|816|0|817|0|818|0|819|1|820|1
3L4YG5VW9NSL49HIBZBCIFE3H78DDD|AK7U41KDD6VJQ|3RANCT1ZVFHHSYSD90FWM9PAI4GBUO|2016-02-19T18:17:00Z|2016-02-19T18:18:26Z|811|0|812|0|813|0|814|0|815|0|816|0|817|0|818|1|819|1|820|1
3L4YG5VW9NSL49HIBZBCIFE3H78DDD|A1TS1VZKN0YLMZ|3I2PTA7R3TUQT8PQY48KBBBB2IMKQP|2016-02-19T23:34:12Z|2016-02-19T23:35:03Z|811|0|812|0|813|0|814|0|815|0|816|0|817|0|818|0|819|1|820|1
3L4YG5VW9NSL49HIBZBCIFE3H78DDD|A1JVUD5XUB9H48|3ZV9H2YQQD7PH7D5P7FRMECVFYD3WZ|2016-02-20T00:21:14Z|2016-02-20T00:22:38Z|811|0|812|0|813|1|814|1|815|0|816|0|817|0|818|0|819|1|820|1
3L4YG5VW9NSL49HIBZBCIFE3H78DDD|AMKWR51EXOPA4|3QIYRE09Y3H3KAQCA2AL22K7O3D1NY|2016-02-20T01:49:58Z|2016-02-20T01:50:16Z|811|0|812|0|813|0|814|0|815|0|816|0|817|0|818|0|819|0|820|0
3L4YG5VW9NSL49HIBZBCIFE3H78DDD|AYC41SV9FDL6U|37TRT2X24QR8EIHJX1BIF7GZ1YJBJD|2016-02-20T05:14:27Z|2016-02-20T05:15:22Z|811|1|812|0|813|0|814|0|815|0|816|0|817|0|818|0|819|1|820|1
3L4YG5VW9NSL49HIBZBCIFE3H78DDD|ADQ3CT01ITFPT|3MX2NQ3YC9U7KM5ZDVZ63UOM20Z5XH|2016-02-20T06:59:31Z|2016-02-20T07:00:29Z|811|0|812|0|813|0|814|0|815|0|816|0|817|0|818|0|819|1|820|1
3L4YG5VW9NSL49HIBZBCIFE3H78DDD|A2BIB960QFJWZD|37WLF8U1WPQXJQ66JVUM56UL3O16KM|2016-02-20T11:32:06Z|2016-02-20T11:32:35Z|811|0|812|0|813|0|814|0|815|0|816|1|817|0|818|0|819|0|820|1
3L4YG5VW9NSL49HIBZBCIFE3H78DDD|A3QLYZRBCASWI3|3I33IC7ZWF23PCEJK25ULFADI7V2AC|2016-02-20T14:01:54Z|2016-02-20T14:08:17Z|811|0|812|0|813|1|814|0|815|0|816|0|817|0|818|0|819|0|820|1
3L4YG5VW9NSL49HIBZBCIFE3H78DDD|AU2HTYCXB1KYK|35GCEFQ6I5OTB2IA0UZYLI6EX7AZ3V|2016-02-20T14:29:22Z|2016-02-20T14:30:50Z|811|1|812|0|813|0|814|0|815|0|816|0|817|0|818|0|819|1|820|1
3L4YG5VW9NSL49HIBZBCIFE3H78DDD|A2ES446BBCJUCK|3KV0LJBBH2LLVX4TWVA0VEDLOHDMRA|2016-02-20T14:43:49Z|2016-02-20T14:46:31Z|811|0|812|0|813|0|814|0|815|0|816|0|817|0|818|0|819|1|820|0
3L4YG5VW9NSL49HIBZBCIFE3H78DDD|A395CIDZ1XLAVU|33SA9F9TRXUSR5T2ERWN55GT7V7WE6|2016-02-20T16:38:49Z|2016-02-20T16:39:57Z|811|0|812|0|813|0|814|0|815|0|816|0|817|0|818|0|819|1|820|0
3AJA9FLWSCYZA4B0UJ7DXCX1LPWIFV|AK7U41KDD6VJQ|3N1FSUEFL50BQXWI8QFK4VFGMCHD4N|2016-02-19T18:47:25Z|2016-02-19T18:47:57Z|821|0|822|1|823|1|824|0|825|0|826|0|827|1|828|0|829|0|830|1
3AJA9FLWSCYZA4B0UJ7DXCX1LPWIFV|A1TS1VZKN0YLMZ|354GIDR5ZB60SPDNDD4NDL5KBGM005|2016-02-19T23:38:21Z|2016-02-19T23:39:07Z|821|0|822|0|823|0|824|1|825|1|826|0|827|0|828|1|829|1|830|1
3AJA9FLWSCYZA4B0UJ7DXCX1LPWIFV|A1JVUD5XUB9H48|38JBBYETQOAGI3AI4LQ4ADX1MU24E3|2016-02-20T00:18:14Z|2016-02-20T00:19:27Z|821|1|822|0|823|0|824|0|825|1|826|1|827|0|828|1|829|1|830|1
3AJA9FLWSCYZA4B0UJ7DXCX1LPWIFV|AMKWR51EXOPA4|3PH3VY7DJLXQ20KYAEA0QFHAUT1WZE|2016-02-20T01:03:30Z|2016-02-20T01:03:50Z|821|0|822|0|823|0|824|0|825|0|826|0|827|0|828|0|829|0|830|0
3AJA9FLWSCYZA4B0UJ7DXCX1LPWIFV|A3AO2N7BNFDGF3|3IXQG4FA2TYJ864ABPK5QD2W5Q7B9C|2016-02-20T01:25:58Z|2016-02-20T01:26:45Z|821|0|822|0|823|0|824|0|825|1|826|0|827|0|828|1|829|1|830|1
3AJA9FLWSCYZA4B0UJ7DXCX1LPWIFV|ADQ3CT01ITFPT|39RP059MEHTYFQN40YOAVZ8G5RZMBB|2016-02-20T04:30:42Z|2016-02-20T04:31:43Z|821|1|822|0|823|0|824|0|825|0|826|0|827|0|828|1|829|1|830|1
3AJA9FLWSCYZA4B0UJ7DXCX1LPWIFV|A3NAQBUBIV489Q|3M68NM076H7J6UJ19F3J6IGYXED6RQ|2016-02-20T06:04:45Z|2016-02-20T06:05:47Z|821|0|822|1|823|0|824|0|825|1|826|0|827|0|828|1|829|1|830|1
3AJA9FLWSCYZA4B0UJ7DXCX1LPWIFV|A1ELYVM5GQIBM0|3U0SRXB7CD5RDFPT8WP08T2LT5PNR9|2016-02-20T08:02:42Z|2016-02-20T08:04:32Z|821|0|822|0|823|0|824|1|825|1|826|0|827|0|828|0|829|1|830|1
3AJA9FLWSCYZA4B0UJ7DXCX1LPWIFV|A3TSHG5R492EHU|3Z3ZLGNNSIUKXAHJDYGLUPUAS2IQ3H|2016-02-20T10:43:02Z|2016-02-20T10:43:21Z|821|0|822|0|823|0|824|1|825|0|826|0|827|0|828|0|829|0|830|1
3AJA9FLWSCYZA4B0UJ7DXCX1LPWIFV|A2BIB960QFJWZD|3HHRAGRYX853R0TJFUPRWX2WDTC9OB|2016-02-20T10:59:12Z|2016-02-20T11:00:03Z|821|0|822|0|823|0|824|1|825|0|826|0|827|1|828|0|829|0|830|1
3AJA9FLWSCYZA4B0UJ7DXCX1LPWIFV|A3TQD8CNO16IZK|3P4MQ7TPPXC2WZJ799Y1HJXNUWABB1|2016-02-20T14:54:24Z|2016-02-20T14:55:15Z|821|1|822|0|823|0|824|0|825|1|826|0|827|0|828|1|829|1|830|0
3EPG8DX9LKQZPT5F12KOKX70I9E5PC|A37BBKFZU9BINN|3DUZQ9U6SMOGMZYFPCBW8K1T0Y8SVQ|2016-02-19T17:04:31Z|2016-02-19T17:05:23Z|831|0|832|0|833|1|834|1|835|1|836|1|837|1|838|0|839|0|840|0
3EPG8DX9LKQZPT5F12KOKX70I9E5PC|AK7U41KDD6VJQ|3X0H8UUIT1OT1OYKFMGSUMK778IWSE|2016-02-19T18:29:16Z|2016-02-19T18:30:29Z|831|0|832|0|833|1|834|1|835|0|836|1|837|0|838|0|839|0|840|0
3EPG8DX9LKQZPT5F12KOKX70I9E5PC|AM00SJL3Q738J|3G2UL9A02DE9OBZM015D11PYWWR67N|2016-02-19T23:05:48Z|2016-02-19T23:06:23Z|831|0|832|0|833|1|834|1|835|1|836|1|837|1|838|0|839|0|840|0
3EPG8DX9LKQZPT5F12KOKX70I9E5PC|A18DLTHQXKDX0Y|3DBQWDE4Y6Y28SRVBPCX5SXO0HI5NG|2016-02-19T23:53:24Z|2016-02-19T23:54:24Z|831|0|832|0|833|1|834|1|835|1|836|1|837|1|838|0|839|0|840|0
3EPG8DX9LKQZPT5F12KOKX70I9E5PC|A1JVUD5XUB9H48|30X31N5D63QWUBVHEHK0CXNGFVTAS7|2016-02-20T00:54:25Z|2016-02-20T00:56:42Z|831|0|832|0|833|1|834|1|835|1|836|1|837|0|838|0|839|0|840|0
3EPG8DX9LKQZPT5F12KOKX70I9E5PC|AMKWR51EXOPA4|3U088ZLJVKTT0FE86KX8KGEOCMG0WO|2016-02-20T01:00:04Z|2016-02-20T01:00:26Z|831|0|832|0|833|0|834|0|835|0|836|1|837|1|838|1|839|1|840|1
3EPG8DX9LKQZPT5F12KOKX70I9E5PC|ADQ3CT01ITFPT|3DY46V3X3PIYI3LP7PGBBBX29YU556|2016-02-20T01:13:02Z|2016-02-20T01:14:10Z|831|0|832|0|833|1|834|1|835|1|836|1|837|1|838|0|839|0|840|0
3EPG8DX9LKQZPT5F12KOKX70I9E5PC|A2RORN9PT1C6YP|3TE3O857308VOT00MDRGG5ZMH68R2L|2016-02-20T01:37:10Z|2016-02-20T01:38:15Z|831|0|832|0|833|1|834|1|835|0|836|1|837|1|838|0|839|0|840|0
3EPG8DX9LKQZPT5F12KOKX70I9E5PC|A2BIB960QFJWZD|33FOTY3KEMLKT6TLLC17MRQWQ4DC1I|2016-02-20T11:38:08Z|2016-02-20T11:38:42Z|831|0|832|0|833|0|834|0|835|0|836|0|837|0|838|0|839|0|840|1
3EPG8DX9LKQZPT5F12KOKX70I9E5PC|A3QLYZRBCASWI3|3R6BYFZZP7CZMJYOJ7CFP6F0SW8FXC|2016-02-20T14:00:38Z|2016-02-20T14:01:53Z|831|0|832|0|833|1|834|1|835|0|836|1|837|0|838|0|839|0|840|1
3EPG8DX9LKQZPT5F12KOKX70I9E5PC|AU2HTYCXB1KYK|37U1UTWH9VM6A82P2U0HQWCQ4BH8RZ|2016-02-20T14:22:31Z|2016-02-20T14:23:22Z|831|0|832|0|833|1|834|1|835|1|836|0|837|1|838|0|839|0|840|0
3EPG8DX9LKQZPT5F12KOKX70I9E5PC|A2HK2CV0Z4CW4U|3JWH6J9I9SD4X884CZ3A8EXHBMHBNL|2016-02-20T16:19:15Z|2016-02-20T16:25:05Z|831|0|832|0|833|0|834|0|835|0|836|0|837|0|838|0|839|0|840|0
3XU9MCX6VOCS2927WBMFRL43ZHB2R0|ASW9RE5GEG0FS|3QUO65DNQUO1BSHMD5KISTP9P21OU5|2016-02-19T17:14:23Z|2016-02-19T17:15:32Z|841|1|842|1|843|0|844|1|845|0|846|0|847|1|848|1|849|0|850|0
3XU9MCX6VOCS2927WBMFRL43ZHB2R0|AK7U41KDD6VJQ|337RC3OW052TIM3P53EVWYNY858VLP|2016-02-19T18:30:29Z|2016-02-19T18:35:08Z|841|1|842|0|843|0|844|1|845|0|846|0|847|0|848|1|849|0|850|0
3XU9MCX6VOCS2927WBMFRL43ZHB2R0|AM00SJL3Q738J|304SM51WA341DL09KVKW787MXBCBSX|2016-02-19T23:01:52Z|2016-02-19T23:02:34Z|841|1|842|1|843|1|844|1|845|0|846|0|847|1|848|1|849|0|850|0
3XU9MCX6VOCS2927WBMFRL43ZHB2R0|A1JVUD5XUB9H48|3WYGZ5XF3WF26O43Q8XP6BQCK7PKSY|2016-02-20T00:58:59Z|2016-02-20T01:00:08Z|841|0|842|1|843|0|844|1|845|0|846|0|847|1|848|1|849|0|850|0
3XU9MCX6VOCS2927WBMFRL43ZHB2R0|A2RORN9PT1C6YP|34Q075JO1XD0ZEY59W8NRQOUGAZ10K|2016-02-20T01:45:32Z|2016-02-20T01:46:45Z|841|1|842|1|843|1|844|1|845|0|846|0|847|1|848|1|849|0|850|0
3XU9MCX6VOCS2927WBMFRL43ZHB2R0|A34V9M2HPI6LGL|38YMOXR4MUZOEQ0N89DPTHOFPRDW60|2016-02-20T02:17:12Z|2016-02-20T02:19:04Z|841|1|842|0|843|0|844|1|845|0|846|0|847|0|848|1|849|0|850|0
3XU9MCX6VOCS2927WBMFRL43ZHB2R0|ADQ3CT01ITFPT|3GM6G9ZBKNXYBCHL0KFVVTE2BY0TM9|2016-02-20T04:32:51Z|2016-02-20T04:33:50Z|841|1|842|1|843|1|844|1|845|0|846|0|847|1|848|1|849|0|850|0
3XU9MCX6VOCS2927WBMFRL43ZHB2R0|AQP74RCFA4CF8|3V0Z7YWSIY0NH0HHVXWQH2OQ3GAV2I|2016-02-20T07:53:04Z|2016-02-20T07:54:53Z|841|1|842|1|843|0|844|1|845|0|846|0|847|1|848|1|849|0|850|1
3XU9MCX6VOCS2927WBMFRL43ZHB2R0|A2TRHLKQ4IWLIB|3A4NIXBJ76ZASZ9GRBD4924MINXLMO|2016-02-20T08:58:33Z|2016-02-20T08:59:46Z|841|1|842|1|843|0|844|1|845|0|846|0|847|1|848|1|849|0|850|0
3XU9MCX6VOCS2927WBMFRL43ZHB2R0|A2BIB960QFJWZD|3MD9PLUKKIE0F6BKIDJDUW4K2MZZN5|2016-02-20T11:19:16Z|2016-02-20T11:20:01Z|841|0|842|0|843|0|844|1|845|0|846|0|847|1|848|1|849|0|850|0
3XU9MCX6VOCS2927WBMFRL43ZHB2R0|A6UORND5JV7HN|31QNSG6A5RTWSPIATG2BLFLQ3Z787K|2016-02-20T13:15:17Z|2016-02-20T13:16:07Z|841|1|842|1|843|0|844|1|845|0|846|0|847|1|848|1|849|0|850|1
3XU9MCX6VOCS2927WBMFRL43ZHB2R0|A3TQD8CNO16IZK|336KAV9KYQS4LUCM08JAO1SKLZG2Y6|2016-02-20T14:56:55Z|2016-02-20T14:58:00Z|841|1|842|1|843|0|844|1|845|0|846|0|847|1|848|1|849|0|850|0
362E9TQF2HQ5O47V53DVFXXDM4WIGU|ASW9RE5GEG0FS|3HMIGG0U4L6F79EBGPSBYS5M6L4Y86|2016-02-19T17:07:34Z|2016-02-19T17:08:38Z|851|1|852|0|853|1|854|0|855|0|856|0|857|0|858|0|859|0|860|0
362E9TQF2HQ5O47V53DVFXXDM4WIGU|A1QXW6HGZCSSNV|3LO69W1SU3DA0PDUG8F9WXKOLQBLGH|2016-02-19T18:10:36Z|2016-02-19T18:11:33Z|851|1|852|0|853|1|854|0|855|0|856|0|857|0|858|1|859|1|860|0
362E9TQF2HQ5O47V53DVFXXDM4WIGU|AK7U41KDD6VJQ|3MMN5BL1WZ4TCVJRL594DGA4HQA3M7|2016-02-19T18:38:21Z|2016-02-19T18:38:36Z|851|0|852|0|853|0|854|1|855|1|856|0|857|0|858|1|859|0|860|0
362E9TQF2HQ5O47V53DVFXXDM4WIGU|A1JVUD5XUB9H48|37XITHEISW98MBS2J6GMSI88TWACR2|2016-02-20T00:20:22Z|2016-02-20T00:21:14Z|851|1|852|0|853|1|854|0|855|0|856|0|857|0|858|0|859|1|860|0
362E9TQF2HQ5O47V53DVFXXDM4WIGU|ADQ3CT01ITFPT|3G0WWMR1UVKR1EATVH0033SFWHANQO|2016-02-20T04:29:35Z|2016-02-20T04:30:41Z|851|1|852|0|853|1|854|0|855|0|856|0|857|0|858|0|859|0|860|0
362E9TQF2HQ5O47V53DVFXXDM4WIGU|AM6RXZEET0140|3K3R2QNK8B3Y45DGBG10V3UKUEI9U1|2016-02-20T05:33:06Z|2016-02-20T05:33:35Z|851|1|852|0|853|1|854|0|855|0|856|0|857|0|858|1|859|0|860|0
362E9TQF2HQ5O47V53DVFXXDM4WIGU|A3NAQBUBIV489Q|3WMINLGALB3GNU6LHVU0XSJYTWZCAF|2016-02-20T06:00:22Z|2016-02-20T06:01:18Z|851|1|852|0|853|0|854|0|855|0|856|0|857|0|858|0|859|1|860|0
362E9TQF2HQ5O47V53DVFXXDM4WIGU|AM5XW4DZLA6OC|3WYGZ5XF3WF26O43Q8XP6BQCKBFKSW|2016-02-20T06:03:26Z|2016-02-20T06:04:44Z|851|1|852|0|853|1|854|0|855|0|856|0|857|0|858|0|859|0|860|0
362E9TQF2HQ5O47V53DVFXXDM4WIGU|A2TRHLKQ4IWLIB|37U1UTWH9VM6A82P2U0HQWCQ4AWR8V|2016-02-20T08:54:15Z|2016-02-20T08:55:20Z|851|1|852|0|853|1|854|0|855|0|856|0|857|0|858|0|859|0|860|0
362E9TQF2HQ5O47V53DVFXXDM4WIGU|A2BIB960QFJWZD|3RKNTXVS3MYDSQT6OGOIEU7B2LZA4O|2016-02-20T11:24:16Z|2016-02-20T11:24:49Z|851|1|852|1|853|0|854|0|855|0|856|0|857|0|858|0|859|0|860|0
3TZ0XG8CBUKXKO8AIBVUARHCFVX89M|A1YJKLVJW1FE33|3HOSI13XHZOOQTFB11GD7Z9MZOVDDJ|2016-02-19T17:03:54Z|2016-02-19T17:04:33Z|861|1|862|1|863|1|864|1|865|1|866|1|867|1|868|1|869|0|870|1
3TZ0XG8CBUKXKO8AIBVUARHCFVX89M|AK7U41KDD6VJQ|34HJIJKLP5WXKEW4ZBFEAHLNMJI4VA|2016-02-19T18:36:46Z|2016-02-19T18:37:10Z|861|0|862|1|863|0|864|0|865|0|866|1|867|0|868|0|869|0|870|0
3TZ0XG8CBUKXKO8AIBVUARHCFVX89M|A1JVUD5XUB9H48|39L1G8WVWQRWG6X2SJQ6TOM1JLF139|2016-02-20T00:38:33Z|2016-02-20T00:39:34Z|861|0|862|1|863|1|864|0|865|1|866|1|867|0|868|1|869|0|870|0
3TZ0XG8CBUKXKO8AIBVUARHCFVX89M|ADQ3CT01ITFPT|384PI804XS10TYXZMFN7NRB36AZ0SQ|2016-02-20T01:25:33Z|2016-02-20T01:26:18Z|861|1|862|1|863|1|864|1|865|1|866|1|867|1|868|1|869|0|870|1
3TZ0XG8CBUKXKO8AIBVUARHCFVX89M|AMKWR51EXOPA4|3H7XDTSHKCRQBJPTKMMB5814J4VGWZ|2016-02-20T01:41:48Z|2016-02-20T01:42:19Z|861|0|862|0|863|0|864|0|865|0|866|0|867|0|868|0|869|0|870|0
3TZ0XG8CBUKXKO8AIBVUARHCFVX89M|A2RORN9PT1C6YP|3U0SRXB7CD5RDFPT8WP08T2KS12RNF|2016-02-20T01:42:13Z|2016-02-20T01:43:18Z|861|1|862|0|863|0|864|1|865|1|866|1|867|1|868|1|869|0|870|1
3TZ0XG8CBUKXKO8AIBVUARHCFVX89M|A3NAQBUBIV489Q|3YMTUJH0DSGI7MSFUGFZ9ZX2P824TE|2016-02-20T05:56:17Z|2016-02-20T05:57:24Z|861|1|862|0|863|0|864|1|865|1|866|1|867|0|868|0|869|0|870|1
3TZ0XG8CBUKXKO8AIBVUARHCFVX89M|AM5XW4DZLA6OC|3NVC2EB65QZT6C8548XF7BXBQAUY3I|2016-02-20T06:22:24Z|2016-02-20T06:23:10Z|861|1|862|1|863|1|864|1|865|1|866|1|867|1|868|1|869|0|870|1
3TZ0XG8CBUKXKO8AIBVUARHCFVX89M|A2TRHLKQ4IWLIB|3EKVH9QMEY41NJHV4CWWBGIJ39DD28|2016-02-20T08:50:54Z|2016-02-20T08:52:24Z|861|1|862|1|863|0|864|1|865|1|866|1|867|0|868|1|869|0|870|1
3TZ0XG8CBUKXKO8AIBVUARHCFVX89M|A2BIB960QFJWZD|3TU5ZICBRD16Y7NPPFBHL62L8PI8Q1|2016-02-20T11:33:37Z|2016-02-20T11:34:08Z|861|1|862|0|863|0|864|0|865|0|866|0|867|0|868|0|869|0|870|0
3TZ0XG8CBUKXKO8AIBVUARHCFVX89M|A2ES446BBCJUCK|3ZDAD0O1T1D95OGPERH46AU1J6SXTG|2016-02-20T14:39:22Z|2016-02-20T14:40:28Z|861|1|862|1|863|0|864|1|865|1|866|1|867|1|868|1|869|0|870|1
3TZ0XG8CBUKXKO8AIBVUARHCFVX89M|A3TQD8CNO16IZK|33ISQZVXPPM4G93J19QR3N9NU2ACCG|2016-02-20T14:56:05Z|2016-02-20T14:56:54Z|861|1|862|1|863|0|864|1|865|1|866|1|867|0|868|0|869|0|870|1
3XQ4XW3OD9C43O2KB0MKHV9ZLJU2SO|ASW9RE5GEG0FS|3R3YRB5GRF3C9ONL3MF0RY540LYUAD|2016-02-19T17:15:32Z|2016-02-19T17:16:18Z|871|1|872|0|873|0|874|1|875|1|876|0|877|1|878|1|879|1|880|1
3XQ4XW3OD9C43O2KB0MKHV9ZLJU2SO|AK7U41KDD6VJQ|3TOK3KHVJTIZDH5Q0XR7I1BPHSB7OV|2016-02-19T18:37:55Z|2016-02-19T18:38:20Z|871|1|872|1|873|0|874|0|875|1|876|0|877|0|878|1|879|1|880|0
3XQ4XW3OD9C43O2KB0MKHV9ZLJU2SO|AWHCA5PZ6MTKB|3YHH42UU5BFDPL2926Q6B5X8EF3L07|2016-02-20T00:44:14Z|2016-02-20T00:45:05Z|871|1|872|0|873|0|874|1|875|1|876|0|877|1|878|1|879|1|880|0
3XQ4XW3OD9C43O2KB0MKHV9ZLJU2SO|A1JVUD5XUB9H48|3TPZPLC3M0CZXYG4DL1WUK4ZM1PP35|2016-02-20T00:46:38Z|2016-02-20T00:47:40Z|871|1|872|1|873|1|874|1|875|0|876|1|877|1|878|0|879|1|880|0
3XQ4XW3OD9C43O2KB0MKHV9ZLJU2SO|AMKWR51EXOPA4|3CP1TO84PT16J622P6EDD4UQPOX52Z|2016-02-20T01:59:29Z|2016-02-20T01:59:53Z|871|0|872|0|873|0|874|0|875|0|876|0|877|0|878|0|879|0|880|0
3XQ4XW3OD9C43O2KB0MKHV9ZLJU2SO|A324J3PKWTCJS3|3HVVDCPGTESY5T6ZJN36PO19K96TYT|2016-02-20T06:21:41Z|2016-02-20T06:22:03Z|871|1|872|0|873|0|874|1|875|0|876|0|877|1|878|1|879|1|880|1
3XQ4XW3OD9C43O2KB0MKHV9ZLJU2SO|AM5XW4DZLA6OC|3QBD8R3Z21J2UUN7YZT0FPRFQ0R4OY|2016-02-20T06:21:27Z|2016-02-20T06:22:24Z|871|1|872|0|873|0|874|1|875|1|876|1|877|1|878|0|879|1|880|1
3XQ4XW3OD9C43O2KB0MKHV9ZLJU2SO|ADQ3CT01ITFPT|3WRFBPLXRAOZUD4RX6O4QVZ4MQ03N7|2016-02-20T07:08:38Z|2016-02-20T07:09:18Z|871|1|872|0|873|0|874|1|875|1|876|1|877|1|878|1|879|1|880|1
3XQ4XW3OD9C43O2KB0MKHV9ZLJU2SO|AQP74RCFA4CF8|3OXV7EAXLEQRNSYZYP2NOKDJS1J63D|2016-02-20T07:47:50Z|2016-02-20T07:49:30Z|871|1|872|0|873|0|874|1|875|1|876|0|877|1|878|1|879|1|880|1
3XQ4XW3OD9C43O2KB0MKHV9ZLJU2SO|A3FS6G1PEDN3GH|3YDTZAI2WXGHY2G6SXVP3TE8YQM14I|2016-02-20T10:37:44Z|2016-02-20T10:38:50Z|871|1|872|0|873|0|874|1|875|0|876|1|877|1|878|0|879|1|880|1
3XQ4XW3OD9C43O2KB0MKHV9ZLJU2SO|A2BIB960QFJWZD|3KKG4CDWKIYZN7J1WAAIIZWRW3G492|2016-02-20T11:18:40Z|2016-02-20T11:19:15Z|871|0|872|0|873|0|874|1|875|0|876|0|877|0|878|0|879|0|880|0
3L55D8AUFAXEXS6V7Z3FBU6MEV2YC6|AK7U41KDD6VJQ|3G0WWMR1UVKR1EATVH0033SFW8SQNR|2016-02-19T18:25:57Z|2016-02-19T18:27:48Z|881|1|882|1|883|0|884|0|885|0|886|1|887|0|888|0|889|0|890|0
3L55D8AUFAXEXS6V7Z3FBU6MEV2YC6|AM00SJL3Q738J|3V0Z7YWSIY0NH0HHVXWQH2OP29V2VT|2016-02-19T23:03:54Z|2016-02-19T23:04:29Z|881|1|882|1|883|0|884|0|885|1|886|1|887|1|888|0|889|0|890|1
3L55D8AUFAXEXS6V7Z3FBU6MEV2YC6|A1TS1VZKN0YLMZ|333U7HK6I9F1TFF3BX2OAX4Z4E4DJL|2016-02-19T23:42:34Z|2016-02-19T23:43:21Z|881|1|882|1|883|0|884|0|885|1|886|1|887|1|888|0|889|0|890|0
3L55D8AUFAXEXS6V7Z3FBU6MEV2YC6|A1JVUD5XUB9H48|3RWE2M8QWHA3DL5UEJ6LOX1XJA6N0E|2016-02-20T00:51:03Z|2016-02-20T00:52:12Z|881|1|882|1|883|0|884|0|885|0|886|1|887|1|888|0|889|1|890|0
3L55D8AUFAXEXS6V7Z3FBU6MEV2YC6|AMKWR51EXOPA4|3PPTZCWALQKLI3OCY5BUYQZO6SIZQB|2016-02-20T01:00:27Z|2016-02-20T01:00:46Z|881|0|882|0|883|0|884|0|885|0|886|0|887|0|888|0|889|0|890|0
3L55D8AUFAXEXS6V7Z3FBU6MEV2YC6|A3AO2N7BNFDGF3|3II4UPYCOJ7IF2JG6NMX7YGLIA9DQR|2016-02-20T01:00:49Z|2016-02-20T01:01:26Z|881|1|882|1|883|0|884|0|885|1|886|1|887|1|888|0|889|1|890|0
3L55D8AUFAXEXS6V7Z3FBU6MEV2YC6|A2RORN9PT1C6YP|38BQUHLA9W0IYKCD43TW1J8FCO6OM1|2016-02-20T01:39:08Z|2016-02-20T01:40:30Z|881|1|882|1|883|0|884|0|885|1|886|1|887|1|888|0|889|0|890|0
3L55D8AUFAXEXS6V7Z3FBU6MEV2YC6|A324J3PKWTCJS3|3VSOLARPKB9E5B0XWW5Z8U4KH1539U|2016-02-20T06:02:09Z|2016-02-20T06:02:26Z|881|1|882|0|883|1|884|1|885|1|886|0|887|1|888|0|889|1|890|1
3L55D8AUFAXEXS6V7Z3FBU6MEV2YC6|AM5XW4DZLA6OC|3OSWBBLG1EX2OZKSS1HP16CEFHNXD7|2016-02-20T06:19:20Z|2016-02-20T06:20:36Z|881|1|882|1|883|1|884|1|885|1|886|1|887|1|888|0|889|0|890|0
3L55D8AUFAXEXS6V7Z3FBU6MEV2YC6|ADQ3CT01ITFPT|388U7OUMF71OSJXM7QN2XH67KB50RX|2016-02-20T07:07:06Z|2016-02-20T07:08:03Z|881|1|882|1|883|0|884|0|885|1|886|1|887|1|888|0|889|1|890|1
3L55D8AUFAXEXS6V7Z3FBU6MEV2YC6|AQBFAQGUE6RE7|339ANSOTR52DCA17LW3B29KQCEZIKT|2016-02-20T07:47:18Z|2016-02-20T07:48:37Z|881|1|882|1|883|0|884|0|885|1|886|1|887|1|888|0|889|0|890|0
3L55D8AUFAXEXS6V7Z3FBU6MEV2YC6|AQP74RCFA4CF8|3A4TN5196KIVXHEZN14SEE637SCHCN|2016-02-20T07:49:47Z|2016-02-20T07:51:03Z|881|1|882|1|883|0|884|0|885|1|886|1|887|1|888|0|889|1|890|1
3L55D8AUFAXEXS6V7Z3FBU6MEV2YC6|AK7P0F2TL5WYG|3L0KT67Y8EGXQTTKUNYGFJ5OJR0YSM|2016-02-20T11:02:20Z|2016-02-20T11:04:24Z|881|1|882|0|883|0|884|0|885|1|886|1|887|1|888|0|889|0|890|0
3L55D8AUFAXEXS6V7Z3FBU6MEV2YC6|A2BIB960QFJWZD|3O6CYIULED19G1QO4RBS9N2WTHRUW7|2016-02-20T11:36:28Z|2016-02-20T11:37:08Z|881|0|882|1|883|0|884|0|885|0|886|0|887|0|888|0|889|0|890|0
3L55D8AUFAXEXS6V7Z3FBU6MEV2YC6|A2RPII0OB1PREU|3Y54SXRO1LLHOKMU9M6HM3VXPNAUTI|2016-02-20T11:41:21Z|2016-02-20T11:42:54Z|881|1|882|1|883|0|884|0|885|1|886|1|887|1|888|0|889|0|890|0
30Z7M1Q8UYKBP7IFAH9U6MSWLDF8A1|ASW9RE5GEG0FS|33JKGHPFYCU0GZC13OTJMU8AM6VMNY|2016-02-19T17:18:09Z|2016-02-19T17:19:06Z|891|0|892|0|893|0|894|1|895|0|896|0|897|1|898|0|899|0|900|1
30Z7M1Q8UYKBP7IFAH9U6MSWLDF8A1|AK7U41KDD6VJQ|3JAOYWH7VI4VLFQM229Z4GY1HDTL93|2016-02-19T18:35:38Z|2016-02-19T18:35:56Z|891|0|892|1|893|0|894|1|895|1|896|0|897|0|898|0|899|1|900|0
30Z7M1Q8UYKBP7IFAH9U6MSWLDF8A1|A1JVUD5XUB9H48|3VJ40NV2QINMBF2XD0U8NX376UATOB|2016-02-19T23:55:49Z|2016-02-20T00:00:29Z|891|0|892|0|893|0|894|1|895|0|896|0|897|0|898|0|899|1|900|1
30Z7M1Q8UYKBP7IFAH9U6MSWLDF8A1|AMKWR51EXOPA4|3CN4LGXD5XOEO8R94M2YHGPH46WY41|2016-02-20T01:01:07Z|2016-02-20T01:01:29Z|891|0|892|0|893|0|894|0|895|0|896|0|897|0|898|0|899|0|900|0
30Z7M1Q8UYKBP7IFAH9U6MSWLDF8A1|ADQ3CT01ITFPT|3RRCEFRB7MCIB0YYUUOE95RGJYOB4B|2016-02-20T01:17:06Z|2016-02-20T01:17:58Z|891|0|892|0|893|0|894|1|895|0|896|0|897|1|898|0|899|1|900|1
30Z7M1Q8UYKBP7IFAH9U6MSWLDF8A1|A2BIB960QFJWZD|3U088ZLJVKTT0FE86KX8KGEPDSO0WB|2016-02-20T11:31:31Z|2016-02-20T11:31:56Z|891|0|892|0|893|0|894|0|895|0|896|0|897|0|898|0|899|0|900|0
30Z7M1Q8UYKBP7IFAH9U6MSWLDF8A1|A2VI55LKT5L4KB|3TVRFO09GKFLMB8K5IFDKJKKPSJLXC|2016-02-20T13:04:33Z|2016-02-20T13:06:10Z|891|0|892|0|893|0|894|1|895|0|896|0|897|0|898|0|899|1|900|1
30Z7M1Q8UYKBP7IFAH9U6MSWLDF8A1|A3QLYZRBCASWI3|33LK57MYLT5XVJ3PQ90ZTQEQPM3ZSF|2016-02-20T14:12:45Z|2016-02-20T14:21:12Z|891|0|892|0|893|0|894|1|895|0|896|0|897|0|898|0|899|1|900|1
3Q7TKIAPOTA42L5AOG901SM8QGBDLU|A2XDUOFU5HYPUI|3R3YRB5GRF3C9ONL3MF0RY540LUAUP|2016-02-19T17:06:08Z|2016-02-19T17:06:40Z|901|0|902|0|903|0|904|1|905|1|906|0|907|0|908|0|909|0|910|1
3Q7TKIAPOTA42L5AOG901SM8QGBDLU|A2QWILH2TWJY1J|35K3O9HUABDQGJ77O2MN1HUSBDCFEP|2016-02-19T17:06:29Z|2016-02-19T17:07:26Z|901|0|902|1|903|0|904|1|905|1|906|0|907|1|908|1|909|0|910|1
3Q7TKIAPOTA42L5AOG901SM8QGBDLU|AK7U41KDD6VJQ|3PZDLQMM0TLRIRBH4G1LRA00HY4C2L|2016-02-19T18:35:08Z|2016-02-19T18:35:38Z|901|0|902|0|903|0|904|1|905|1|906|0|907|0|908|0|909|1|910|0
3Q7TKIAPOTA42L5AOG901SM8QGBDLU|AM00SJL3Q738J|3R6P78PK7KBYJ2LZPHH0IOU5F7MGTC|2016-02-19T23:07:11Z|2016-02-19T23:07:43Z|901|0|902|1|903|0|904|1|905|1|906|1|907|0|908|1|909|1|910|1
3Q7TKIAPOTA42L5AOG901SM8QGBDLU|A1TS1VZKN0YLMZ|35L9RVQFCOIRJBVZ9SPS8KS8DMPHUO|2016-02-19T23:35:54Z|2016-02-19T23:36:54Z|901|0|902|0|903|0|904|1|905|1|906|0|907|0|908|0|909|0|910|1
3Q7TKIAPOTA42L5AOG901SM8QGBDLU|AWHCA5PZ6MTKB|33FOTY3KEMLKT6TLLC17MRQVPYU1C9|2016-02-20T00:41:54Z|2016-02-20T00:42:59Z|901|0|902|0|903|0|904|1|905|1|906|0|907|0|908|0|909|0|910|1
3Q7TKIAPOTA42L5AOG901SM8QGBDLU|A1JVUD5XUB9H48|3DIP6YHAPCSH14XKGOGHRPD6OGHE83|2016-02-20T00:49:42Z|2016-02-20T00:50:30Z|901|0|902|0|903|0|904|1|905|0|906|1|907|1|908|1|909|0|910|1
3Q7TKIAPOTA42L5AOG901SM8QGBDLU|A3AO2N7BNFDGF3|3P1L2B7AD1PYS2US4RSH16TQCISLO6|2016-02-20T00:59:44Z|2016-02-20T01:00:20Z|901|0|902|0|903|0|904|1|905|0|906|0|907|0|908|0|909|0|910|1
3Q7TKIAPOTA42L5AOG901SM8QGBDLU|AMKWR51EXOPA4|3WEV0KO0OMSUSIYTYRB22YVM0YVDSH|2016-02-20T01:02:55Z|2016-02-20T01:03:30Z|901|1|902|1|903|1|904|1|905|1|906|1|907|0|908|0|909|1|910|1
3Q7TKIAPOTA42L5AOG901SM8QGBDLU|A2RORN9PT1C6YP|32N49TQG3GICM3CL8CP5NK7NE0FAV6|2016-02-20T01:40:44Z|2016-02-20T01:42:05Z|901|0|902|1|903|0|904|1|905|1|906|1|907|0|908|1|909|1|910|1
3Q7TKIAPOTA42L5AOG901SM8QGBDLU|ADQ3CT01ITFPT|39GXDJN2OTEY3FJ6BE5RRT1SOES8VH|2016-02-20T04:31:43Z|2016-02-20T04:32:50Z|901|0|902|0|903|0|904|1|905|1|906|0|907|1|908|0|909|0|910|1
3Q7TKIAPOTA42L5AOG901SM8QGBDLU|AM6RXZEET0140|3P529IW9KYL4MPHZ5O9RECKCKLILF9|2016-02-20T05:27:30Z|2016-02-20T05:28:06Z|901|0|902|0|903|0|904|1|905|1|906|0|907|1|908|1|909|0|910|1
3Q7TKIAPOTA42L5AOG901SM8QGBDLU|AM5XW4DZLA6OC|3H7XDTSHKCRQBJPTKMMB5814J7YGW8|2016-02-20T06:20:36Z|2016-02-20T06:21:26Z|901|0|902|0|903|0|904|1|905|1|906|1|907|1|908|1|909|1|910|1
3Q7TKIAPOTA42L5AOG901SM8QGBDLU|A3TSHG5R492EHU|3EJPLAJKEMGS8L5SJWXWSLIY7W56ZX|2016-02-20T10:42:47Z|2016-02-20T10:43:02Z|901|0|902|0|903|0|904|0|905|0|906|1|907|0|908|1|909|0|910|1
3Q7TKIAPOTA42L5AOG901SM8QGBDLU|A2BIB960QFJWZD|3NJM2BJS4W6NAYCN6ECXNN8UTKHPCX|2016-02-20T11:35:39Z|2016-02-20T11:36:28Z|901|1|902|0|903|0|904|0|905|0|906|1|907|0|908|0|909|0|910|1
3Q7TKIAPOTA42L5AOG901SM8QGBDLU|A2RPII0OB1PREU|3FFJ6VRIL1OBZKU3H3TTJP5HYH80IM|2016-02-20T13:28:13Z|2016-02-20T13:30:40Z|901|0|902|0|903|0|904|1|905|1|906|0|907|1|908|1|909|0|910|1
3Q7TKIAPOTA42L5AOG901SM8QGBDLU|A395CIDZ1XLAVU|3ZDAD0O1T1D95OGPERH46AU1J71TXN|2016-02-20T16:41:17Z|2016-02-20T16:42:39Z|901|0|902|0|903|0|904|0|905|1|906|1|907|0|908|1|909|0|910|1
3WKGUBL7SZMR2PMHV587YOS2D3HL4O|A2XDUOFU5HYPUI|3B837J3LDOWOTSHYGS6M7NCQFSWSRY|2016-02-19T17:06:41Z|2016-02-19T17:07:20Z|911|0|912|0|913|0|914|0|915|0|916|0|917|0|918|1|919|0|920|0
3WKGUBL7SZMR2PMHV587YOS2D3HL4O|AK7U41KDD6VJQ|39JEC7537U10FI9JSQLWTFXBEWQCVM|2016-02-19T18:19:57Z|2016-02-19T18:21:45Z|911|0|912|0|913|0|914|0|915|0|916|0|917|0|918|0|919|0|920|0
3WKGUBL7SZMR2PMHV587YOS2D3HL4O|A324J3PKWTCJS3|3L70J4KAZGMQSMCZHRPBHY1GEMJDA4|2016-02-19T19:00:08Z|2016-02-19T19:00:28Z|911|0|912|1|913|0|914|1|915|0|916|0|917|0|918|0|919|1|920|0
3WKGUBL7SZMR2PMHV587YOS2D3HL4O|AM00SJL3Q738J|3WS1NTTKEYCRPTSDGVN8GSSOHHQ0FM|2016-02-19T23:08:15Z|2016-02-19T23:08:42Z|911|1|912|0|913|0|914|0|915|1|916|0|917|0|918|1|919|0|920|0
3WKGUBL7SZMR2PMHV587YOS2D3HL4O|A1TS1VZKN0YLMZ|32UTUBMZ7GWH5DHDEQP1IVRTWGXBVV|2016-02-19T23:40:49Z|2016-02-19T23:41:39Z|911|0|912|0|913|0|914|0|915|0|916|0|917|0|918|1|919|0|920|0
3WKGUBL7SZMR2PMHV587YOS2D3HL4O|AWHCA5PZ6MTKB|3JPSL1DZ5SZZEY3C6L3ED3DASWAANK|2016-02-20T00:36:22Z|2016-02-20T00:37:49Z|911|0|912|1|913|0|914|0|915|1|916|0|917|0|918|1|919|1|920|1
3WKGUBL7SZMR2PMHV587YOS2D3HL4O|A1JVUD5XUB9H48|3A4NIXBJ76ZASZ9GRBD4924LHI3LMH|2016-02-20T00:43:07Z|2016-02-20T00:44:22Z|911|0|912|1|913|0|914|1|915|0|916|0|917|0|918|1|919|0|920|1
3WKGUBL7SZMR2PMHV587YOS2D3HL4O|A3AO2N7BNFDGF3|3Z7ISHFUH0VFCZOGCBUUCZEOCMV8Z8|2016-02-20T00:58:28Z|2016-02-20T00:59:11Z|911|0|912|0|913|0|914|0|915|0|916|0|917|0|918|1|919|0|920|1
3WKGUBL7SZMR2PMHV587YOS2D3HL4O|AMKWR51EXOPA4|30JNVC0OR9KZRIOISJ5NYJVJA21HQ3|2016-02-20T01:00:46Z|2016-02-20T01:01:07Z|911|1|912|1|913|1|914|1|915|1|916|0|917|0|918|0|919|1|920|1
3WKGUBL7SZMR2PMHV587YOS2D3HL4O|ADQ3CT01ITFPT|33CUSNVVNNC0S3NT3LUHZFHKDE588M|2016-02-20T01:26:18Z|2016-02-20T01:27:23Z|911|1|912|0|913|0|914|1|915|0|916|0|917|0|918|1|919|0|920|1
3WKGUBL7SZMR2PMHV587YOS2D3HL4O|AM6RXZEET0140|34Q075JO1XD0ZEY59W8NRQOUGDQ10H|2016-02-20T05:32:04Z|2016-02-20T05:32:31Z|911|1|912|1|913|0|914|0|915|1|916|0|917|0|918|1|919|0|920|1
3WKGUBL7SZMR2PMHV587YOS2D3HL4O|A3NAQBUBIV489Q|3HUTX6F6VUNSRG8KULACMAUH6MR2OW|2016-02-20T06:07:45Z|2016-02-20T06:08:43Z|911|0|912|1|913|0|914|1|915|0|916|0|917|0|918|1|919|0|920|1
3WKGUBL7SZMR2PMHV587YOS2D3HL4O|AM5XW4DZLA6OC|338JKRMM26Z742H13N818JGE6O5AHN|2016-02-20T06:07:31Z|2016-02-20T06:08:46Z|911|0|912|1|913|0|914|0|915|1|916|0|917|0|918|0|919|0|920|0
3WKGUBL7SZMR2PMHV587YOS2D3HL4O|A3TSHG5R492EHU|3KYQYYSHYV7FUQ60RAUTITLM4EOOD4|2016-02-20T10:41:12Z|2016-02-20T10:41:46Z|911|0|912|0|913|0|914|0|915|0|916|0|917|0|918|0|919|0|920|0
3WKGUBL7SZMR2PMHV587YOS2D3HL4O|A2BIB960QFJWZD|3FTOP5WARFO7UVE9ZLETVQKHBWFJ0Z|2016-02-20T11:37:40Z|2016-02-20T11:38:07Z|911|0|912|0|913|0|914|0|915|0|916|0|917|0|918|0|919|0|920|0
306W7JMRYYYG8HN7GV9Q1XC23V08BW|A37BBKFZU9BINN|3WMINLGALB3GNU6LHVU0XSJYTLMCAG|2016-02-19T17:05:23Z|2016-02-19T17:06:23Z|921|0|922|1|923|1|924|1|925|1|926|0|927|1|928|1|929|1|930|0
306W7JMRYYYG8HN7GV9Q1XC23V08BW|ASW9RE5GEG0FS|3VNXK88KKCIYHK2GG6B5RPW38AKV9J|2016-02-19T17:06:35Z|2016-02-19T17:07:34Z|921|0|922|1|923|0|924|0|925|1|926|0|927|1|928|1|929|1|930|0
306W7JMRYYYG8HN7GV9Q1XC23V08BW|A1QXW6HGZCSSNV|3C8HJ7UOP7UUXOQK6C4DHHFJWLWZMN|2016-02-19T18:14:02Z|2016-02-19T18:14:33Z|921|0|922|1|923|1|924|1|925|0|926|0|927|1|928|1|929|1|930|0
306W7JMRYYYG8HN7GV9Q1XC23V08BW|AK7U41KDD6VJQ|37Z929RLG98197UQKHBH72D83EXSTH|2016-02-19T18:21:45Z|2016-02-19T18:22:56Z|921|0|922|1|923|0|924|1|925|0|926|0|927|1|928|0|929|0|930|0
306W7JMRYYYG8HN7GV9Q1XC23V08BW|AM00SJL3Q738J|3URFVVM165IDAWVTFEVZ8RWD9BNZUB|2016-02-19T23:07:48Z|2016-02-19T23:08:11Z|921|0|922|1|923|1|924|0|925|0|926|0|927|1|928|0|929|1|930|0
306W7JMRYYYG8HN7GV9Q1XC23V08BW|A1JVUD5XUB9H48|3WQ3B2KGE8G1J11F7C5CB7KD7CN1BT|2016-02-19T23:36:40Z|2016-02-19T23:37:41Z|921|0|922|1|923|1|924|0|925|1|926|0|927|0|928|1|929|0|930|0
306W7JMRYYYG8HN7GV9Q1XC23V08BW|AWHCA5PZ6MTKB|37TRT2X24QR8EIHJX1BIF7GZ1USJBM|2016-02-20T00:40:46Z|2016-02-20T00:41:47Z|921|0|922|1|923|0|924|0|925|0|926|0|927|1|928|1|929|1|930|0
306W7JMRYYYG8HN7GV9Q1XC23V08BW|AMKWR51EXOPA4|3IGI0VL647KOG2XDG48WEYXFHESOND|2016-02-20T01:58:38Z|2016-02-20T01:59:03Z|921|0|922|0|923|0|924|0|925|0|926|0|927|0|928|0|929|0|930|0
306W7JMRYYYG8HN7GV9Q1XC23V08BW|AM6RXZEET0140|3P4MQ7TPPXC2WZJ799Y1HJXMTTEBBW|2016-02-20T05:30:19Z|2016-02-20T05:30:45Z|921|0|922|1|923|1|924|1|925|1|926|0|927|1|928|1|929|1|930|0
306W7JMRYYYG8HN7GV9Q1XC23V08BW|A3NAQBUBIV489Q|3LWJHTCVCCMFDMXCXTHNVYJ6URDFQ0|2016-02-20T06:03:42Z|2016-02-20T06:04:45Z|921|0|922|0|923|1|924|1|925|1|926|0|927|1|928|1|929|0|930|0
306W7JMRYYYG8HN7GV9Q1XC23V08BW|AM5XW4DZLA6OC|3Y54SXRO1LLHOKMU9M6HM3VWOLTUTU|2016-02-20T06:15:24Z|2016-02-20T06:16:27Z|921|0|922|1|923|1|924|1|925|1|926|0|927|1|928|0|929|1|930|0
306W7JMRYYYG8HN7GV9Q1XC23V08BW|ADQ3CT01ITFPT|386PBUZZXFXKRR3VOE0CTAC4DSLLJY|2016-02-20T07:02:30Z|2016-02-20T07:03:13Z|921|0|922|1|923|1|924|1|925|0|926|0|927|1|928|1|929|1|930|0
306W7JMRYYYG8HN7GV9Q1XC23V08BW|A2BIB960QFJWZD|3C5W7UE9CFQ5STQ55UGSKWZ9PWPXM4|2016-02-20T11:05:08Z|2016-02-20T11:06:51Z|921|0|922|1|923|0|924|0|925|0|926|0|927|1|928|0|929|0|930|0
306W7JMRYYYG8HN7GV9Q1XC23V08BW|A3111O511J64BA|3PQ8K71NHXKSUF9NXHY9RXTBUV8AAC|2016-02-20T12:35:48Z|2016-02-20T12:36:57Z|921|0|922|1|923|1|924|1|925|1|926|0|927|1|928|1|929|0|930|0
306W7JMRYYYG8HN7GV9Q1XC23V08BW|A6UORND5JV7HN|3IO1LGZLK9XDOP45A6XJF1LU8ON68J|2016-02-20T13:17:55Z|2016-02-20T13:18:38Z|921|0|922|1|923|1|924|0|925|0|926|0|927|1|928|1|929|1|930|0
306W7JMRYYYG8HN7GV9Q1XC23V08BW|A3QLYZRBCASWI3|3K2755HG5S3LODT7S7B3VZC8CEZDFB|2016-02-20T14:10:09Z|2016-02-20T14:11:12Z|921|0|922|0|923|0|924|0|925|1|926|0|927|0|928|1|929|0|930|0
306W7JMRYYYG8HN7GV9Q1XC23V08BW|A2ES446BBCJUCK|3G2UL9A02DE9OBZM015D11PZX5467L|2016-02-20T14:42:43Z|2016-02-20T14:43:49Z|921|0|922|1|923|1|924|1|925|1|926|0|927|1|928|1|929|0|930|0
306W7JMRYYYG8HN7GV9Q1XC23V08BW|A3TQD8CNO16IZK|37ZHEEHM6WMARSC4HZ7FUYDFNE573J|2016-02-20T14:51:53Z|2016-02-20T14:52:33Z|921|0|922|1|923|1|924|0|925|0|926|0|927|1|928|1|929|1|930|0
3VJ4PFXFJ379N4PSDKAZ2EALI47AUJ|AK7U41KDD6VJQ|3R3YRB5GRF3C9ONL3MF0RY540MYAUV|2016-02-19T18:24:19Z|2016-02-19T18:25:57Z|931|0|932|0|933|1|934|1|935|0|936|1|937|0|938|1|939|0|940|1
3VJ4PFXFJ379N4PSDKAZ2EALI47AUJ|A1JVUD5XUB9H48|3I7DHKZYGN0QK0EED1TKXNOFYR05FF|2016-02-20T00:57:41Z|2016-02-20T00:58:59Z|931|0|932|0|933|0|934|1|935|0|936|1|937|1|938|1|939|0|940|0
3VJ4PFXFJ379N4PSDKAZ2EALI47AUJ|AMKWR51EXOPA4|32EYX73OY09485925X1MMOUE0W6RUG|2016-02-20T01:02:12Z|2016-02-20T01:02:34Z|931|0|932|0|933|0|934|0|935|0|936|0|937|0|938|0|939|0|940|0
3VJ4PFXFJ379N4PSDKAZ2EALI47AUJ|ADQ3CT01ITFPT|31Z0PCVWUKFFQ9AYWED6CBHCG7L7TO|2016-02-20T01:27:23Z|2016-02-20T01:28:06Z|931|0|932|0|933|1|934|0|935|0|936|0|937|0|938|1|939|0|940|1
3VJ4PFXFJ379N4PSDKAZ2EALI47AUJ|A3NAQBUBIV489Q|3634BBTX0OU2WO9TKLCEMWSK3HTIFX|2016-02-20T05:48:06Z|2016-02-20T05:49:35Z|931|0|932|0|933|0|934|1|935|0|936|1|937|0|938|1|939|0|940|1
3VJ4PFXFJ379N4PSDKAZ2EALI47AUJ|AM5XW4DZLA6OC|35DR22AR5DK467IVZCBDOXQ2O4V3XC|2016-02-20T06:00:43Z|2016-02-20T06:01:54Z|931|0|932|0|933|1|934|1|935|0|936|0|937|0|938|1|939|0|940|1
3VJ4PFXFJ379N4PSDKAZ2EALI47AUJ|A2BIB960QFJWZD|3FDJT1UU74810M6SECKHD0GL7TOK5I|2016-02-20T11:23:39Z|2016-02-20T11:24:16Z|931|0|932|0|933|0|934|1|935|0|936|0|937|0|938|1|939|0|940|0
3VJ4PFXFJ379N4PSDKAZ2EALI47AUJ|A1VQK8WMO7NIN3|3VJ40NV2QINMBF2XD0U8NX38728TOS|2016-02-20T15:49:28Z|2016-02-20T15:51:05Z|931|0|932|0|933|1|934|1|935|0|936|0|937|0|938|1|939|0|940|0
3VJ4PFXFJ379N4PSDKAZ2EALI47AUJ|A2HK2CV0Z4CW4U|3VP0C6EFSGWS9E694772KJMPSUSM65|2016-02-20T16:10:38Z|2016-02-20T16:11:53Z|931|0|932|0|933|0|934|0|935|0|936|0|937|0|938|1|939|0|940|0
3OCZWXS7ZO79Y8QH9ARH3GYGDZCL5T|AK7U41KDD6VJQ|3VELCLL3GKJRWIDVCER8UXBYM5KF1K|2016-02-19T18:39:37Z|2016-02-19T18:39:57Z|941|1|942|0|943|0|944|0|945|0|946|1|947|0|948|0|949|1|950|0
3OCZWXS7ZO79Y8QH9ARH3GYGDZCL5T|AM00SJL3Q738J|3WJEQKOXA82W0RWN1Y5GGW07PTJA1M|2016-02-19T23:09:20Z|2016-02-19T23:09:44Z|941|0|942|1|943|0|944|1|945|0|946|1|947|0|948|0|949|1|950|1
3OCZWXS7ZO79Y8QH9ARH3GYGDZCL5T|A1JVUD5XUB9H48|379J5II41OGCGBH3ADPLWUZC8GSEL1|2016-02-20T00:10:40Z|2016-02-20T00:11:32Z|941|1|942|1|943|1|944|0|945|0|946|1|947|0|948|0|949|1|950|0
3OCZWXS7ZO79Y8QH9ARH3GYGDZCL5T|AMKWR51EXOPA4|38F71OA9GTWOS7ZK50A6EPZ1KMQMFM|2016-02-20T00:58:08Z|2016-02-20T00:58:30Z|941|1|942|1|943|1|944|1|945|1|946|1|947|1|948|0|949|0|950|0
3OCZWXS7ZO79Y8QH9ARH3GYGDZCL5T|ADQ3CT01ITFPT|3STRJBFXOWR3LOHIF82FGGMYMT4KTU|2016-02-20T04:28:35Z|2016-02-20T04:29:35Z|941|0|942|1|943|0|944|0|945|0|946|1|947|0|948|0|949|1|950|0
3OCZWXS7ZO79Y8QH9ARH3GYGDZCL5T|AYC41SV9FDL6U|3DR23U6WE5E0ZOP8JMRCIL9T2XMETK|2016-02-20T05:12:05Z|2016-02-20T05:13:01Z|941|1|942|1|943|0|944|1|945|0|946|1|947|0|948|1|949|1|950|0
3OCZWXS7ZO79Y8QH9ARH3GYGDZCL5T|AM6RXZEET0140|3UNH76FOCS5USYGFAQ2U3A6HQ1ZYMM|2016-02-20T05:31:14Z|2016-02-20T05:31:40Z|941|0|942|1|943|1|944|0|945|0|946|1|947|0|948|0|949|1|950|0
3OCZWXS7ZO79Y8QH9ARH3GYGDZCL5T|AM5XW4DZLA6OC|32ZKVD547FNXT4FUUGJVZ0ZA5173B3|2016-02-20T05:59:21Z|2016-02-20T06:00:43Z|941|1|942|1|943|0|944|1|945|0|946|1|947|0|948|0|949|1|950|0
3OCZWXS7ZO79Y8QH9ARH3GYGDZCL5T|A3NAQBUBIV489Q|3HRMW88U16QXV3KU2IRLBICXEOX0M0|2016-02-20T06:28:34Z|2016-02-20T06:29:43Z|941|0|942|1|943|0|944|0|945|0|946|0|947|0|948|0|949|0|950|0
3OCZWXS7ZO79Y8QH9ARH3GYGDZCL5T|A2TRHLKQ4IWLIB|3JAOYWH7VI4VLFQM229Z4GY2IOQL9P|2016-02-20T08:57:31Z|2016-02-20T08:58:27Z|941|0|942|1|943|1|944|0|945|0|946|1|947|0|948|0|949|0|950|0
3OCZWXS7ZO79Y8QH9ARH3GYGDZCL5T|A2BIB960QFJWZD|3ZOTGHDK5IBLWFPIO0PIDS7M5H1SO5|2016-02-20T11:01:15Z|2016-02-20T11:01:50Z|941|0|942|1|943|0|944|0|945|0|946|1|947|0|948|0|949|0|950|0
3OCZWXS7ZO79Y8QH9ARH3GYGDZCL5T|A2RPII0OB1PREU|326O153BMIYTIZTBXWRXDHR80DUDE3|2016-02-20T11:47:57Z|2016-02-20T11:49:05Z|941|0|942|1|943|0|944|0|945|0|946|1|947|0|948|0|949|1|950|0
3OCZWXS7ZO79Y8QH9ARH3GYGDZCL5T|A3QLYZRBCASWI3|3K2755HG5S3LODT7S7B3VZC8CEPDF1|2016-02-20T13:34:15Z|2016-02-20T13:35:57Z|941|1|942|1|943|0|944|0|945|0|946|1|947|0|948|0|949|1|950|1
3EQPA8A374W1AWM6DDMKC5SJA9EZJB|ASW9RE5GEG0FS|3VHHR074H3HR7W2TN5BFQK7VMMWL7G|2016-02-19T17:11:35Z|2016-02-19T17:12:42Z|951|1|952|0|953|1|954|0|955|1|956|1|957|0|958|0|959|0|960|1
3EQPA8A374W1AWM6DDMKC5SJA9EZJB|A2UETCNUK66V51|3WS1NTTKEYCRPTSDGVN8GSSOHCEF0F|2016-02-19T17:29:07Z|2016-02-19T17:30:35Z|951|1|952|0|953|0|954|1|955|1|956|1|957|1|958|0|959|1|960|1
3EQPA8A374W1AWM6DDMKC5SJA9EZJB|AK7U41KDD6VJQ|3HMIGG0U4L6F79EBGPSBYS5M6M48YI|2016-02-19T18:12:11Z|2016-02-19T18:13:56Z|951|0|952|0|953|1|954|0|955|0|956|0|957|0|958|0|959|0|960|1
3EQPA8A374W1AWM6DDMKC5SJA9EZJB|A1QXW6HGZCSSNV|3LYA37P8IQN3P2N1FMBUGMGCGDHKBZ|2016-02-19T18:15:16Z|2016-02-19T18:16:02Z|951|1|952|0|953|1|954|0|955|1|956|1|957|1|958|1|959|1|960|1
3EQPA8A374W1AWM6DDMKC5SJA9EZJB|AM00SJL3Q738J|3IX2EGZR7BJVUPY8TYX8FML3JE8RJG|2016-02-19T23:10:28Z|2016-02-19T23:11:00Z|951|1|952|0|953|1|954|0|955|1|956|1|957|0|958|0|959|1|960|1
3EQPA8A374W1AWM6DDMKC5SJA9EZJB|A1TS1VZKN0YLMZ|39L1G8WVWQRWG6X2SJQ6TOM1JKG138|2016-02-19T23:44:05Z|2016-02-19T23:44:50Z|951|1|952|0|953|1|954|0|955|1|956|1|957|1|958|0|959|0|960|1
3EQPA8A374W1AWM6DDMKC5SJA9EZJB|A1JVUD5XUB9H48|3TMSXRD2X60T74ZQ2318YLXYHEU1W0|2016-02-20T00:11:32Z|2016-02-20T00:12:31Z|951|1|952|0|953|1|954|0|955|0|956|0|957|1|958|0|959|1|960|1
3EQPA8A374W1AWM6DDMKC5SJA9EZJB|A3AO2N7BNFDGF3|3PM8NZGV8YGWD8OXXNN915JDYSLQX6|2016-02-20T01:03:34Z|2016-02-20T01:04:22Z|951|1|952|0|953|1|954|0|955|0|956|1|957|1|958|0|959|1|960|1
3EQPA8A374W1AWM6DDMKC5SJA9EZJB|ADQ3CT01ITFPT|3SNVL38CI4SMZ7F7TM7PR6MUY5ECK9|2016-02-20T01:16:14Z|2016-02-20T01:17:06Z|951|1|952|0|953|1|954|0|955|1|956|1|957|1|958|0|959|1|960|1
3EQPA8A374W1AWM6DDMKC5SJA9EZJB|AMKWR51EXOPA4|30ZX6P7VF8VEQ5HNE8I7EEDV7PSJ2Z|2016-02-20T01:59:53Z|2016-02-20T02:00:18Z|951|1|952|1|953|1|954|1|955|1|956|1|957|1|958|1|959|0|960|0
3EQPA8A374W1AWM6DDMKC5SJA9EZJB|A3NAQBUBIV489Q|3JZQSN0I3QAO0X3YUXCB1KF4O41FG2|2016-02-20T05:46:57Z|2016-02-20T05:48:05Z|951|1|952|0|953|1|954|1|955|0|956|0|957|0|958|0|959|0|960|1
3EQPA8A374W1AWM6DDMKC5SJA9EZJB|AM5XW4DZLA6OC|3D8YOU6S9EKBMMBID9YOBT3I4DIU6J|2016-02-20T06:13:56Z|2016-02-20T06:15:24Z|951|1|952|1|953|1|954|0|955|1|956|1|957|1|958|1|959|1|960|1
3EQPA8A374W1AWM6DDMKC5SJA9EZJB|A20WSGI3N7S4PQ|3JZQSN0I3QAO0X3YUXCB1KF5P6KFGS|2016-02-20T11:19:42Z|2016-02-20T11:20:58Z|951|1|952|0|953|1|954|0|955|1|956|1|957|1|958|0|959|0|960|1
3EQPA8A374W1AWM6DDMKC5SJA9EZJB|A2BIB960QFJWZD|3DYGAII7PL8R4ZM6BWDS7SXBXZIPQ2|2016-02-20T11:29:57Z|2016-02-20T11:30:28Z|951|0|952|0|953|1|954|0|955|0|956|0|957|0|958|0|959|0|960|0
3EQPA8A374W1AWM6DDMKC5SJA9EZJB|A3QLYZRBCASWI3|3WAKVUDHUWGUQMPNWJ3GH73F0Q5U7S|2016-02-20T13:52:08Z|2016-02-20T14:00:37Z|951|1|952|0|953|1|954|0|955|0|956|0|957|0|958|0|959|0|960|1
3EQPA8A374W1AWM6DDMKC5SJA9EZJB|A2ES446BBCJUCK|3SBEHTYCWN38WFQOPB42BHZ1AV6YI6|2016-02-20T14:40:28Z|2016-02-20T14:41:44Z|951|0|952|0|953|1|954|0|955|1|956|0|957|0|958|0|959|0|960|1
3EQPA8A374W1AWM6DDMKC5SJA9EZJB|A3TQD8CNO16IZK|3NXNZ5RS1AXW6U1KY88PLBG1N6E79Z|2016-02-20T14:49:56Z|2016-02-20T14:50:49Z|951|1|952|0|953|1|954|0|955|1|956|1|957|0|958|0|959|1|960|1
363A7XIFV4M90JESIAK4Y0C4WBGAV8|AK7U41KDD6VJQ|3P529IW9KYL4MPHZ5O9RECKCKBBFLC|2016-02-19T18:10:31Z|2016-02-19T18:12:11Z|961|1|962|0|963|0|964|0|965|0|966|0|967|0|968|1|969|1|970|0
363A7XIFV4M90JESIAK4Y0C4WBGAV8|AWHCA5PZ6MTKB|3OVHNO1VE61RTUK7TJ5AYRSPNDJDZA|2016-02-20T00:43:17Z|2016-02-20T00:44:10Z|961|1|962|1|963|1|964|0|965|0|966|0|967|0|968|0|969|1|970|1
363A7XIFV4M90JESIAK4Y0C4WBGAV8|AMKWR51EXOPA4|32UTUBMZ7GWH5DHDEQP1IVRTWHBVBV|2016-02-20T01:01:29Z|2016-02-20T01:01:48Z|961|0|962|0|963|0|964|0|965|0|966|0|967|0|968|0|969|0|970|0
363A7XIFV4M90JESIAK4Y0C4WBGAV8|A1JVUD5XUB9H48|38F5OAUN5NCPL0J3WKWHYSEO5CAH76|2016-02-20T01:01:39Z|2016-02-20T01:02:29Z|961|1|962|0|963|0|964|0|965|0|966|0|967|0|968|1|969|1|970|1
363A7XIFV4M90JESIAK4Y0C4WBGAV8|ADQ3CT01ITFPT|3TYCR1GOTCJAR68Z603YH40UWN8ZL1|2016-02-20T01:22:33Z|2016-02-20T01:23:21Z|961|1|962|0|963|1|964|0|965|0|966|0|967|0|968|0|969|1|970|1
363A7XIFV4M90JESIAK4Y0C4WBGAV8|A3NAQBUBIV489Q|3AAJC4I4FGS4WGKZ3FRL1PN2S1CZJE|2016-02-20T05:51:30Z|2016-02-20T05:52:32Z|961|1|962|0|963|0|964|0|965|0|966|0|967|0|968|0|969|1|970|1
363A7XIFV4M90JESIAK4Y0C4WBGAV8|A2TRHLKQ4IWLIB|3X87C8JFV6BOHR2Y3DHM2X2MKI2SQW|2016-02-20T08:56:27Z|2016-02-20T08:57:15Z|961|1|962|0|963|1|964|0|965|0|966|0|967|0|968|0|969|1|970|1
363A7XIFV4M90JESIAK4Y0C4WBGAV8|A2BIB960QFJWZD|3ITXP059PWJ7V4YL8NXD5WQ06NSJSE|2016-02-20T11:01:51Z|2016-02-20T11:02:45Z|961|1|962|0|963|0|964|0|965|0|966|0|967|0|968|0|969|1|970|0
363A7XIFV4M90JESIAK4Y0C4WBGAV8|A3QLYZRBCASWI3|3A7Y0R2P2OOFRLKK2X30447SL3JXJR|2016-02-20T13:35:57Z|2016-02-20T13:38:50Z|961|1|962|0|963|1|964|0|965|0|966|0|967|0|968|0|969|1|970|1
363A7XIFV4M90JESIAK4Y0C4WBGAV8|A2HK2CV0Z4CW4U|3NVC2EB65QZT6C8548XF7BXCRD4Y31|2016-02-20T16:12:07Z|2016-02-20T16:12:48Z|961|1|962|0|963|0|964|0|965|0|966|1|967|0|968|0|969|0|970|0
3XABXM4AJ153CNPWZD6GWM71PV0Q8P|A2DIM099APN6L7|3PB5A5BD0V6BL4OSCEEZDS2NQ5B7GX|2016-02-19T17:12:27Z|2016-02-19T17:13:21Z|971|1|972|0|973|0|974|1|975|0|976|1|977|1|978|1|979|1|980|0
3XABXM4AJ153CNPWZD6GWM71PV0Q8P|AK7U41KDD6VJQ|3CPLWGV3MOZL9FT7EFPEH82QM8U9NU|2016-02-19T18:39:04Z|2016-02-19T18:39:37Z|971|0|972|1|973|1|974|0|975|0|976|1|977|0|978|1|979|0|980|0
3XABXM4AJ153CNPWZD6GWM71PV0Q8P|AM00SJL3Q738J|3JRJSWSMQHLV07RE47LL085V8SW3E3|2016-02-19T23:09:53Z|2016-02-19T23:10:21Z|971|1|972|0|973|1|974|1|975|0|976|1|977|1|978|1|979|1|980|1
3XABXM4AJ153CNPWZD6GWM71PV0Q8P|A1TS1VZKN0YLMZ|38JBBYETQOAGI3AI4LQ4ADX1MTAE4J|2016-02-19T23:36:56Z|2016-02-19T23:37:37Z|971|1|972|0|973|0|974|1|975|0|976|1|977|1|978|1|979|0|980|0
3XABXM4AJ153CNPWZD6GWM71PV0Q8P|AWHCA5PZ6MTKB|373ERPL3YO8P8SUD5SBCHS8CHILTRD|2016-02-20T00:38:57Z|2016-02-20T00:39:49Z|971|1|972|0|973|0|974|1|975|0|976|1|977|1|978|1|979|1|980|0
3XABXM4AJ153CNPWZD6GWM71PV0Q8P|A1JVUD5XUB9H48|39PAAFCODM0H1ZBUECGMIPXF2OBTVJ|2016-02-20T01:00:09Z|2016-02-20T01:00:54Z|971|1|972|0|973|1|974|1|975|0|976|1|977|1|978|1|979|1|980|0
3XABXM4AJ153CNPWZD6GWM71PV0Q8P|AMKWR51EXOPA4|3NS0A6KXC48U5EUYV96I4CVM063ZGC|2016-02-20T01:50:16Z|2016-02-20T01:50:42Z|971|0|972|1|973|0|974|0|975|1|976|0|977|1|978|1|979|0|980|1
3XABXM4AJ153CNPWZD6GWM71PV0Q8P|A3NAQBUBIV489Q|3GLB5JMZFXVR2DP23RHLDKCJCRNDGR|2016-02-20T05:58:30Z|2016-02-20T06:00:22Z|971|1|972|0|973|0|974|1|975|0|976|0|977|1|978|1|979|1|980|0
3XABXM4AJ153CNPWZD6GWM71PV0Q8P|ADQ3CT01ITFPT|3G5F9DBFOPXRWQKZEIZX46URRYJVHM|2016-02-20T07:08:03Z|2016-02-20T07:08:38Z|971|1|972|0|973|0|974|1|975|0|976|1|977|1|978|1|979|1|980|0
3XABXM4AJ153CNPWZD6GWM71PV0Q8P|A2BIB960QFJWZD|38F5OAUN5NCPL0J3WKWHYSEP6IE7HF|2016-02-20T11:20:02Z|2016-02-20T11:20:33Z|971|1|972|0|973|0|974|0|975|0|976|0|977|1|978|0|979|0|980|0
3XABXM4AJ153CNPWZD6GWM71PV0Q8P|A6UORND5JV7HN|37WLF8U1WPQXJQ66JVUM56UL3OH6K2|2016-02-20T13:19:31Z|2016-02-20T13:20:12Z|971|1|972|0|973|0|974|1|975|0|976|1|977|1|978|1|979|1|980|0
3XABXM4AJ153CNPWZD6GWM71PV0Q8P|AU2HTYCXB1KYK|32AT8R96GL9G9K9FKM1RCYZBN5UUST|2016-02-20T14:30:51Z|2016-02-20T14:31:43Z|971|1|972|0|973|0|974|1|975|0|976|1|977|1|978|1|979|0|980|0
3XABXM4AJ153CNPWZD6GWM71PV0Q8P|A3TQD8CNO16IZK|3HHRAGRYX853R0TJFUPRWX2WDVPO97|2016-02-20T14:55:15Z|2016-02-20T14:56:04Z|971|1|972|0|973|0|974|1|975|0|976|1|977|0|978|1|979|1|980|0
3XABXM4AJ153CNPWZD6GWM71PV0Q8P|A2HK2CV0Z4CW4U|3NQL1CS15R8DILAOOI3LQ6PVIXXYVY|2016-02-20T16:13:00Z|2016-02-20T16:13:48Z|971|1|972|0|973|0|974|0|975|0|976|1|977|0|978|0|979|0|980|0
3XABXM4AJ153CNPWZD6GWM71PV0Q8P|A395CIDZ1XLAVU|3UOUJI6MTDEO51VEEW7EB6G32L5XUF|2016-02-20T16:36:29Z|2016-02-20T16:37:29Z|971|1|972|0|973|0|974|0|975|0|976|0|977|0|978|1|979|0|980|0
3V8JSVE8YYQTUQQ93Q9A1I6PZ7FYEZ|AK7U41KDD6VJQ|3Y5140Z9DXGEN1YNYO8JYQ6O5D6PID|2016-02-19T18:13:56Z|2016-02-19T18:15:24Z|981|1|982|0|983|1|984|0|985|0|986|0|987|0|988|1|989|0|990|0
3V8JSVE8YYQTUQQ93Q9A1I6PZ7FYEZ|AM00SJL3Q738J|3WRFBPLXRAOZUD4RX6O4QVZ4MKW3NR|2016-02-19T23:08:50Z|2016-02-19T23:09:16Z|981|0|982|1|983|1|984|0|985|0|986|1|987|0|988|1|989|0|990|1
3V8JSVE8YYQTUQQ93Q9A1I6PZ7FYEZ|A1TS1VZKN0YLMZ|3NKQQ8O39Y5A7VQXNW62HZDALU3UDZ|2016-02-19T23:44:51Z|2016-02-19T23:45:41Z|981|1|982|0|983|1|984|0|985|0|986|1|987|0|988|1|989|0|990|0
3V8JSVE8YYQTUQQ93Q9A1I6PZ7FYEZ|A1JVUD5XUB9H48|33FBRBDW6OZ246D6KXAM11D334I8CI|2016-02-20T00:12:31Z|2016-02-20T00:14:55Z|981|1|982|0|983|1|984|0|985|0|986|0|987|1|988|0|989|0|990|0
3V8JSVE8YYQTUQQ93Q9A1I6PZ7FYEZ|A3AO2N7BNFDGF3|3GNA64GUZE4NBP4NRH4E9MST5TBQ5W|2016-02-20T01:02:54Z|2016-02-20T01:03:34Z|981|1|982|0|983|1|984|0|985|0|986|0|987|0|988|1|989|0|990|0
3V8JSVE8YYQTUQQ93Q9A1I6PZ7FYEZ|ADQ3CT01ITFPT|3WJEQKOXA82W0RWN1Y5GGW07PWSA11|2016-02-20T01:15:08Z|2016-02-20T01:16:13Z|981|0|982|1|983|1|984|0|985|0|986|1|987|0|988|1|989|0|990|0
3V8JSVE8YYQTUQQ93Q9A1I6PZ7FYEZ|AMKWR51EXOPA4|3OHYZ19UGC5HWJ3O703RSSDFI9CAO2|2016-02-20T03:49:45Z|2016-02-20T03:50:14Z|981|0|982|0|983|0|984|0|985|0|986|0|987|0|988|0|989|0|990|0
3V8JSVE8YYQTUQQ93Q9A1I6PZ7FYEZ|AM6RXZEET0140|3F0BG9B9MPNB7V9S6K05KS9RVC57YL|2016-02-20T05:29:13Z|2016-02-20T05:29:43Z|981|0|982|0|983|1|984|0|985|0|986|1|987|0|988|1|989|0|990|0
3V8JSVE8YYQTUQQ93Q9A1I6PZ7FYEZ|A3NAQBUBIV489Q|3IO1LGZLK9XDOP45A6XJF1LT7MM86D|2016-02-20T05:53:47Z|2016-02-20T05:55:22Z|981|0|982|0|983|1|984|0|985|0|986|0|987|0|988|1|989|0|990|0
3V8JSVE8YYQTUQQ93Q9A1I6PZ7FYEZ|AM5XW4DZLA6OC|3DY4FPOOA1O4LKY2ANBRIAWXE74RV2|2016-02-20T06:11:30Z|2016-02-20T06:12:39Z|981|1|982|1|983|1|984|0|985|0|986|1|987|0|988|1|989|0|990|0
3V8JSVE8YYQTUQQ93Q9A1I6PZ7FYEZ|A2RPII0OB1PREU|3BC8WZX3V3WCSDHL136HHD7VU2GRR3|2016-02-20T08:31:51Z|2016-02-20T08:35:40Z|981|0|982|0|983|1|984|0|985|0|986|0|987|0|988|1|989|0|990|0
3V8JSVE8YYQTUQQ93Q9A1I6PZ7FYEZ|A2LQWBG8P8J61S|3LKC68YZ3A3E3W6R85ZJAHA7BUOWOF|2016-02-20T09:45:38Z|2016-02-20T09:46:47Z|981|0|982|0|983|1|984|0|985|0|986|1|987|0|988|1|989|0|990|0
3V8JSVE8YYQTUQQ93Q9A1I6PZ7FYEZ|A3FS6G1PEDN3GH|35DR22AR5DK467IVZCBDOXQ3P50X3G|2016-02-20T09:59:30Z|2016-02-20T10:00:39Z|981|0|982|1|983|1|984|0|985|0|986|1|987|0|988|1|989|0|990|0
3V8JSVE8YYQTUQQ93Q9A1I6PZ7FYEZ|A2BIB960QFJWZD|3A7Y0R2P2OOFRLKK2X30447SL3YXJ6|2016-02-20T11:31:04Z|2016-02-20T11:31:31Z|981|0|982|0|983|0|984|0|985|0|986|0|987|0|988|0|989|0|990|0
3V8JSVE8YYQTUQQ93Q9A1I6PZ7FYEZ|A3QLYZRBCASWI3|3F1567XTNW56CC6ZU7HVL2XWSVMQ9U|2016-02-20T13:45:41Z|2016-02-20T13:50:32Z|981|0|982|1|983|1|984|1|985|0|986|0|987|0|988|1|989|0|990|0
3V8JSVE8YYQTUQQ93Q9A1I6PZ7FYEZ|AU2HTYCXB1KYK|3FIJLY1B6U4UDAWXXG2YVTTXQY8FPZ|2016-02-20T14:28:30Z|2016-02-20T14:29:22Z|981|1|982|0|983|1|984|0|985|0|986|1|987|0|988|1|989|0|990|0
3V8JSVE8YYQTUQQ93Q9A1I6PZ7FYEZ|A1EIT99M9WK8Y0|3PW9OPU9PQK7VO1JOJC1AEHAEEI12I|2016-02-20T15:41:10Z|2016-02-20T15:42:50Z|981|1|982|1|983|1|984|0|985|0|986|0|987|0|988|1|989|0|990|0
3JHB4BPSFK93QS8645CUWI2C91IQ9E|AK7U41KDD6VJQ|38JBBYETQOAGI3AI4LQ4ADX1MO1E40|2016-02-19T18:09:02Z|2016-02-19T18:10:30Z|991|0|992|1|993|1|994|0|995|1|996|1|997|1|998|0|999|0|1000|0
3JHB4BPSFK93QS8645CUWI2C91IQ9E|A1QXW6HGZCSSNV|3R2UR8A0IAGTSWBHIAV5C0ODJLDXO3|2016-02-19T18:11:33Z|2016-02-19T18:12:35Z|991|1|992|1|993|1|994|1|995|1|996|1|997|1|998|0|999|0|1000|0
3JHB4BPSFK93QS8645CUWI2C91IQ9E|A3CX9UQ91LNQJJ|3VFJCI1K4ZZL3N87LSC5I9TNRL1RGK|2016-02-19T21:38:21Z|2016-02-19T21:39:11Z|991|1|992|1|993|1|994|1|995|1|996|1|997|1|998|1|999|0|1000|0
3JHB4BPSFK93QS8645CUWI2C91IQ9E|A1JVUD5XUB9H48|3F1567XTNW56CC6ZU7HVL2XVRPKQ9D|2016-02-20T00:44:22Z|2016-02-20T00:46:38Z|991|1|992|1|993|1|994|0|995|1|996|1|997|1|998|0|999|0|1000|0
3JHB4BPSFK93QS8645CUWI2C91IQ9E|A3AO2N7BNFDGF3|39L1G8WVWQRWG6X2SJQ6TOM1JLQ31M|2016-02-20T00:57:33Z|2016-02-20T00:58:02Z|991|1|992|1|993|1|994|1|995|1|996|1|997|1|998|0|999|0|1000|0
3JHB4BPSFK93QS8645CUWI2C91IQ9E|AMKWR51EXOPA4|3PH3VY7DJLXQ20KYAEA0QFHAUTYZWE|2016-02-20T00:58:54Z|2016-02-20T00:59:19Z|991|0|992|0|993|0|994|0|995|1|996|1|997|1|998|0|999|0|1000|1
3JHB4BPSFK93QS8645CUWI2C91IQ9E|A2RORN9PT1C6YP|32SVAV9L3F9SAUA2O2JZ4PF4NGJA36|2016-02-20T01:35:44Z|2016-02-20T01:36:58Z|991|1|992|1|993|1|994|1|995|1|996|1|997|1|998|0|999|0|1000|0
3JHB4BPSFK93QS8645CUWI2C91IQ9E|ADQ3CT01ITFPT|3ZSY5X72NXB9V0P59BPDNI2PIDEOR2|2016-02-20T04:23:48Z|2016-02-20T04:24:51Z|991|1|992|1|993|1|994|0|995|1|996|1|997|1|998|1|999|0|1000|0
3JHB4BPSFK93QS8645CUWI2C91IQ9E|AM6RXZEET0140|30H4UDGLT2I0JKOEJ36BQJD5MWWMPG|2016-02-20T05:28:42Z|2016-02-20T05:29:12Z|991|1|992|1|993|1|994|1|995|1|996|1|997|1|998|0|999|0|1000|0
3JHB4BPSFK93QS8645CUWI2C91IQ9E|A3NAQBUBIV489Q|3DH6GAKTYYPUR5FYPFSOBC2Q55MZY9|2016-02-20T05:57:24Z|2016-02-20T05:58:30Z|991|1|992|1|993|1|994|1|995|1|996|1|997|0|998|0|999|0|1000|0
3JHB4BPSFK93QS8645CUWI2C91IQ9E|AM5XW4DZLA6OC|3CPLWGV3MOZL9FT7EFPEH82QMIX9NH|2016-02-20T06:09:39Z|2016-02-20T06:11:30Z|991|1|992|1|993|1|994|1|995|1|996|1|997|1|998|1|999|0|1000|0
3JHB4BPSFK93QS8645CUWI2C91IQ9E|A2LQWBG8P8J61S|3IUZPWIU1O7VD5LCAD7Q30TYRPDKWI|2016-02-20T09:44:25Z|2016-02-20T09:45:38Z|991|1|992|1|993|1|994|0|995|1|996|1|997|1|998|1|999|0|1000|0
3JHB4BPSFK93QS8645CUWI2C91IQ9E|A2BIB960QFJWZD|3WSELTNVR32X9B8W3HPQM2J3IJBATD|2016-02-20T11:02:45Z|2016-02-20T11:03:18Z|991|1|992|0|993|1|994|0|995|0|996|1|997|0|998|0|999|0|1000|0
3JHB4BPSFK93QS8645CUWI2C91IQ9E|A20WSGI3N7S4PQ|34Z02EIMISD18YAEBFSXXW7Q9Y40TJ|2016-02-20T11:21:02Z|2016-02-20T11:22:02Z|991|1|992|1|993|1|994|1|995|1|996|0|997|1|998|1|999|0|1000|0
3JHB4BPSFK93QS8645CUWI2C91IQ9E|A1VQK8WMO7NIN3|37C0GNLMHF3P5K0WRE8Z1TZVJGOD62|2016-02-20T15:42:21Z|2016-02-20T15:44:03Z|991|1|992|1|993|1|994|1|995|1|996|1|997|0|998|0|999|0|1000|0
3JHB4BPSFK93QS8645CUWI2C91IQ9E|A395CIDZ1XLAVU|3URFVVM165IDAWVTFEVZ8RWEAL4UZA|2016-02-20T16:37:31Z|2016-02-20T16:38:46Z|991|0|992|0|993|1|994|0|995|1|996|0|997|1|998|0|999|0|1000|0
3UUIU9GZC55XHLYMIJT8P78X7CZ5TH|A2DIM099APN6L7|3IKZ72A5B4GUAPKKH1P6R4O1P5FNFO|2016-02-19T17:11:33Z|2016-02-19T17:12:27Z|1001|1|1002|0|1003|1|1004|0|1005|1|1006|1|1007|1|1008|0|1009|1|1010|0
3UUIU9GZC55XHLYMIJT8P78X7CZ5TH|ALT88JWMD3JVJ|3QHK8ZVMIMIE985J0MNVVMTR5CWBL1|2016-02-19T17:25:55Z|2016-02-19T17:27:06Z|1001|1|1002|0|1003|1|1004|0|1005|0|1006|1|1007|1|1008|0|1009|1|1010|0
3UUIU9GZC55XHLYMIJT8P78X7CZ5TH|AK7U41KDD6VJQ|3WYP994K17RS3VVNNAVDEE9V0ROY6W|2016-02-19T18:35:56Z|2016-02-19T18:36:17Z|1001|1|1002|1|1003|0|1004|0|1005|0|1006|0|1007|0|1008|1|1009|0|1010|0
3UUIU9GZC55XHLYMIJT8P78X7CZ5TH|A1JVUD5XUB9H48|3483FV8BEEJ22A2GUPOI5A8QLI0626|2016-02-20T00:47:41Z|2016-02-20T00:48:34Z|1001|1|1002|0|1003|1|1004|0|1005|1|1006|1|1007|1|1008|0|1009|1|1010|0
3UUIU9GZC55XHLYMIJT8P78X7CZ5TH|AMKWR51EXOPA4|3IXQG4FA2TYJ864ABPK5QD2W5PRB9U|2016-02-20T00:57:46Z|2016-02-20T00:58:08Z|1001|0|1002|0|1003|0|1004|0|1005|0|1006|0|1007|1|1008|1|1009|1|1010|1
3UUIU9GZC55XHLYMIJT8P78X7CZ5TH|ADQ3CT01ITFPT|39KFRKBFINVIS11RN6H7VEVML0VYOG|2016-02-20T04:25:57Z|2016-02-20T04:26:45Z|1001|1|1002|0|1003|1|1004|0|1005|1|1006|1|1007|1|1008|0|1009|1|1010|0
3UUIU9GZC55XHLYMIJT8P78X7CZ5TH|AM6RXZEET0140|3U8YCDAGXPGOGIIMUBY2SRW2OPHQ00|2016-02-20T05:29:43Z|2016-02-20T05:30:18Z|1001|1|1002|0|1003|1|1004|0|1005|0|1006|1|1007|1|1008|0|1009|1|1010|0
3UUIU9GZC55XHLYMIJT8P78X7CZ5TH|A3NAQBUBIV489Q|31QNSG6A5RTWSPIATG2BLFLP2X978E|2016-02-20T06:05:47Z|2016-02-20T06:06:48Z|1001|1|1002|0|1003|1|1004|0|1005|0|1006|1|1007|1|1008|0|1009|1|1010|0
3UUIU9GZC55XHLYMIJT8P78X7CZ5TH|AM5XW4DZLA6OC|384PI804XS10TYXZMFN7NRB36DDS02|2016-02-20T06:23:10Z|2016-02-20T06:23:52Z|1001|1|1002|0|1003|1|1004|0|1005|0|1006|1|1007|1|1008|0|1009|1|1010|0
3UUIU9GZC55XHLYMIJT8P78X7CZ5TH|A2TRHLKQ4IWLIB|358UUM7WRZ32AUX6SP8BCWGVTQR7RP|2016-02-20T08:55:25Z|2016-02-20T08:56:25Z|1001|1|1002|0|1003|1|1004|0|1005|0|1006|1|1007|1|1008|0|1009|1|1010|0
3UUIU9GZC55XHLYMIJT8P78X7CZ5TH|A3FS6G1PEDN3GH|3UN61F00HWPNNQJN4WTEEC2Z2KB5RN|2016-02-20T10:35:49Z|2016-02-20T10:36:46Z|1001|1|1002|0|1003|1|1004|0|1005|0|1006|1|1007|1|1008|0|1009|1|1010|0
3UUIU9GZC55XHLYMIJT8P78X7CZ5TH|A2BIB960QFJWZD|3X73LLYYQ1EEOLBQCRD6UP0F6WHHNW|2016-02-20T11:09:37Z|2016-02-20T11:12:54Z|1001|1|1002|0|1003|1|1004|0|1005|0|1006|1|1007|0|1008|0|1009|1|1010|0
3UUIU9GZC55XHLYMIJT8P78X7CZ5TH|AU2HTYCXB1KYK|3DHE4R9OCWB4Z3RM62X4H1LGG2DG27|2016-02-20T14:20:24Z|2016-02-20T14:21:20Z|1001|1|1002|0|1003|1|1004|0|1005|0|1006|1|1007|1|1008|0|1009|1|1010|0
3UUIU9GZC55XHLYMIJT8P78X7CZ5TH|A2ES446BBCJUCK|3R6BYFZZP7CZMJYOJ7CFP6F0SXLXF9|2016-02-20T14:41:44Z|2016-02-20T14:42:42Z|1001|1|1002|0|1003|1|1004|0|1005|0|1006|1|1007|1|1008|0|1009|1|1010|0
3SV8KD29L4SWLGSOVYMWDKSWPYEZKA|A2XDUOFU5HYPUI|3JZQSN0I3QAO0X3YUXCB1KF4OTRGF7|2016-02-19T17:04:45Z|2016-02-19T17:05:36Z|1011|0|1012|0|1013|0|1014|0|1015|0|1016|0|1017|0|1018|1|1019|0|1020|1
3SV8KD29L4SWLGSOVYMWDKSWPYEZKA|AK7U41KDD6VJQ|3M1CVSFP605KHVG4MDVVHX8FX1UQA8|2016-02-19T18:27:48Z|2016-02-19T18:29:16Z|1011|0|1012|0|1013|1|1014|0|1015|0|1016|0|1017|0|1018|1|1019|0|1020|1
3SV8KD29L4SWLGSOVYMWDKSWPYEZKA|AM00SJL3Q738J|3OVHNO1VE61RTUK7TJ5AYRSPNBQDZD|2016-02-19T23:04:38Z|2016-02-19T23:05:03Z|1011|0|1012|0|1013|0|1014|0|1015|0|1016|0|1017|0|1018|1|1019|0|1020|1
3SV8KD29L4SWLGSOVYMWDKSWPYEZKA|A3AO2N7BNFDGF3|3W92K5RLWUHFGX04DGYOF9R1MLO5V3|2016-02-20T00:58:03Z|2016-02-20T00:58:27Z|1011|0|1012|0|1013|0|1014|0|1015|0|1016|0|1017|0|1018|1|1019|0|1020|1
3SV8KD29L4SWLGSOVYMWDKSWPYEZKA|A1JVUD5XUB9H48|3QILPRALQ5VLVAAX9NJ0HC7F28ON87|2016-02-20T01:00:54Z|2016-02-20T01:01:38Z|1011|0|1012|0|1013|0|1014|0|1015|0|1016|0|1017|0|1018|1|1019|0|1020|0
3SV8KD29L4SWLGSOVYMWDKSWPYEZKA|AMKWR51EXOPA4|373ERPL3YO8P8SUD5SBCHS8CHIYTRQ|2016-02-20T01:01:48Z|2016-02-20T01:02:12Z|1011|0|1012|0|1013|0|1014|0|1015|0|1016|0|1017|1|1018|1|1019|1|1020|1
3SV8KD29L4SWLGSOVYMWDKSWPYEZKA|ADQ3CT01ITFPT|3NGMS9VZTLIIMX73JD6TJZFSNPHFFJ|2016-02-20T07:01:42Z|2016-02-20T07:02:30Z|1011|0|1012|0|1013|0|1014|0|1015|0|1016|0|1017|0|1018|1|1019|0|1020|1
3SV8KD29L4SWLGSOVYMWDKSWPYEZKA|A2TRHLKQ4IWLIB|3TXMY6UCAEO8AAD26RRMNSY4YFFCQL|2016-02-20T08:50:02Z|2016-02-20T08:50:54Z|1011|0|1012|0|1013|0|1014|0|1015|0|1016|0|1017|0|1018|1|1019|0|1020|1
3SV8KD29L4SWLGSOVYMWDKSWPYEZKA|A2BIB960QFJWZD|3HFNH7HEMHELRMT78DN5DJJJW7SGQK|2016-02-20T11:18:01Z|2016-02-20T11:18:40Z|1011|0|1012|0|1013|0|1014|0|1015|0|1016|0|1017|0|1018|0|1019|0|1020|1
3SV8KD29L4SWLGSOVYMWDKSWPYEZKA|A3TQD8CNO16IZK|3M68NM076H7J6UJ19F3J6IGZYH0R67|2016-02-20T14:52:33Z|2016-02-20T14:54:24Z|1011|0|1012|1|1013|0|1014|0|1015|0|1016|0|1017|0|1018|1|1019|0|1020|1
334ZEL5JX6FIAVRPYYKHO8C2MOPSOJ|ASW9RE5GEG0FS|37UQDCYH6XVU31EN19DLDT5XDKYV79|2016-02-19T17:10:39Z|2016-02-19T17:11:34Z|1021|1|1022|1|1023|0|1024|0|1025|0|1026|1|1027|0|1028|0|1029|0|1030|0
334ZEL5JX6FIAVRPYYKHO8C2MOPSOJ|AK7U41KDD6VJQ|3AUQQEL7U5TGLQE3GASCYEVA5740VS|2016-02-19T18:44:08Z|2016-02-19T18:44:39Z|1021|0|1022|1|1023|0|1024|0|1025|0|1026|1|1027|1|1028|0|1029|0|1030|0
334ZEL5JX6FIAVRPYYKHO8C2MOPSOJ|A1JVUD5XUB9H48|3570Y55XZPJU0OKTZN4ZQ5MKUBXYGG|2016-02-20T00:48:35Z|2016-02-20T00:49:42Z|1021|1|1022|0|1023|0|1024|0|1025|0|1026|0|1027|0|1028|0|1029|0|1030|0
334ZEL5JX6FIAVRPYYKHO8C2MOPSOJ|AMKWR51EXOPA4|3OUYGIZWR7Y3G6H7UYJDSM6SJQI0P0|2016-02-20T01:08:07Z|2016-02-20T01:09:06Z|1021|0|1022|0|1023|0|1024|0|1025|1|1026|1|1027|1|1028|1|1029|1|1030|1
334ZEL5JX6FIAVRPYYKHO8C2MOPSOJ|ADQ3CT01ITFPT|3K2755HG5S3LODT7S7B3VZC7B9DDFC|2016-02-20T01:23:21Z|2016-02-20T01:24:07Z|1021|1|1022|1|1023|0|1024|0|1025|0|1026|1|1027|0|1028|0|1029|0|1030|0
334ZEL5JX6FIAVRPYYKHO8C2MOPSOJ|A3NAQBUBIV489Q|3VSOLARPKB9E5B0XWW5Z8U4KH16931|2016-02-20T06:08:44Z|2016-02-20T06:09:39Z|1021|1|1022|0|1023|0|1024|1|1025|0|1026|0|1027|0|1028|0|1029|0|1030|0
334ZEL5JX6FIAVRPYYKHO8C2MOPSOJ|A1ELYVM5GQIBM0|3MH9DQ757WCDJF0OPM7ANKG8ZS6UGB|2016-02-20T08:01:07Z|2016-02-20T08:02:42Z|1021|1|1022|0|1023|0|1024|0|1025|0|1026|1|1027|0|1028|0|1029|0|1030|0
334ZEL5JX6FIAVRPYYKHO8C2MOPSOJ|A2TRHLKQ4IWLIB|3300DTYQT2HN78XG2IXHDGY7JRSEQG|2016-02-20T08:48:05Z|2016-02-20T08:49:08Z|1021|1|1022|1|1023|0|1024|0|1025|0|1026|0|1027|0|1028|0|1029|0|1030|0
334ZEL5JX6FIAVRPYYKHO8C2MOPSOJ|A2BIB960QFJWZD|3VNXK88KKCIYHK2GG6B5RPW49NF9VL|2016-02-20T11:28:17Z|2016-02-20T11:29:56Z|1021|0|1022|0|1023|0|1024|0|1025|0|1026|1|1027|0|1028|0|1029|0|1030|0
334ZEL5JX6FIAVRPYYKHO8C2MOPSOJ|A6UORND5JV7HN|382M9COHEHFFZ14XJRHMNHVWMD2UE7|2016-02-20T13:13:37Z|2016-02-20T13:14:20Z|1021|1|1022|1|1023|0|1024|0|1025|0|1026|1|1027|0|1028|0|1029|0|1030|0
334ZEL5JX6FIAVRPYYKHO8C2MOPSOJ|A2HK2CV0Z4CW4U|3I0BTBYZAXLXPK98LLFW5DZ5O2LY09|2016-02-20T16:14:20Z|2016-02-20T16:18:49Z|1021|0|1022|1|1023|0|1024|0|1025|0|1026|0|1027|0|1028|0|1029|0|1030|0
3L1EFR8WWT56Z3IXQP10KJYY2Z9F99|AK7U41KDD6VJQ|3A4NIXBJ76ZASZ9GRBD4924LHC1LM3|2016-02-19T18:38:36Z|2016-02-19T18:39:04Z|1031|0|1032|0|1033|0|1034|1|1035|1|1036|1|1037|0|1038|0|1039|0|1040|0
3L1EFR8WWT56Z3IXQP10KJYY2Z9F99|A1JVUD5XUB9H48|36AHBNMV1RCRO4A2XX3RKKJNHJEDYI|2016-02-20T00:41:49Z|2016-02-20T00:43:07Z|1031|0|1032|0|1033|0|1034|1|1035|0|1036|0|1037|0|1038|1|1039|0|1040|1
3L1EFR8WWT56Z3IXQP10KJYY2Z9F99|AMKWR51EXOPA4|3QFUFYSY9YF8OHAEZWAASVI1YVA4FE|2016-02-20T01:06:38Z|2016-02-20T01:08:07Z|1031|0|1032|0|1033|0|1034|0|1035|0|1036|0|1037|0|1038|0|1039|0|1040|0
3L1EFR8WWT56Z3IXQP10KJYY2Z9F99|ADQ3CT01ITFPT|39O5D9O87TSG39708GFQAK5SNJR3CO|2016-02-20T01:14:10Z|2016-02-20T01:15:08Z|1031|1|1032|0|1033|0|1034|1|1035|0|1036|0|1037|0|1038|0|1039|0|1040|0
3L1EFR8WWT56Z3IXQP10KJYY2Z9F99|A1BHKOZYWXGF61|379J5II41OGCGBH3ADPLWUZC8JYELD|2016-02-20T03:31:39Z|2016-02-20T03:33:44Z|1031|1|1032|0|1033|1|1034|1|1035|0|1036|0|1037|0|1038|1|1039|0|1040|0
3L1EFR8WWT56Z3IXQP10KJYY2Z9F99|A3NAQBUBIV489Q|33PPUNGG385LU43CBK0U3G9T2I8RZ0|2016-02-20T05:55:22Z|2016-02-20T05:56:17Z|1031|0|1032|0|1033|0|1034|1|1035|0|1036|0|1037|0|1038|1|1039|0|1040|0
3L1EFR8WWT56Z3IXQP10KJYY2Z9F99|A2TRHLKQ4IWLIB|3E1QT0TDFP9TH9Z6C768C4BZHED8I8|2016-02-20T08:52:56Z|2016-02-20T08:54:08Z|1031|1|1032|0|1033|0|1034|1|1035|0|1036|0|1037|0|1038|0|1039|0|1040|0
3L1EFR8WWT56Z3IXQP10KJYY2Z9F99|A2BIB960QFJWZD|3MD9PLUKKIE0F6BKIDJDUW4K2MWZN2|2016-02-20T11:04:38Z|2016-02-20T11:05:07Z|1031|0|1032|0|1033|0|1034|0|1035|0|1036|0|1037|0|1038|0|1039|0|1040|1
3L1EFR8WWT56Z3IXQP10KJYY2Z9F99|A6UORND5JV7HN|3M0BCWMB8VWUK2HI40UX4XA84WZWB7|2016-02-20T13:14:27Z|2016-02-20T13:15:03Z|1031|1|1032|0|1033|1|1034|1|1035|0|1036|0|1037|0|1038|0|1039|0|1040|0
3L1EFR8WWT56Z3IXQP10KJYY2Z9F99|AU2HTYCXB1KYK|33CKWXB73JK063JN5FCN5V75M8I11F|2016-02-20T14:27:02Z|2016-02-20T14:27:41Z|1031|1|1032|0|1033|0|1034|1|1035|0|1036|0|1037|0|1038|0|1039|0|1040|0
3QHITW7OYO9HVBIBWBQUSDDWFJ0QAT|ASW9RE5GEG0FS|3LOZAJ85YDDFLPMCVCX85NLAIFQ2X9|2016-02-19T17:20:17Z|2016-02-19T17:21:32Z|1041|1|1042|0|1043|0|1044|0|1045|1|1046|1|1047|1|1048|0|1049|0|1050|1
3QHITW7OYO9HVBIBWBQUSDDWFJ0QAT|AK7U41KDD6VJQ|336KAV9KYQS4LUCM08JAO1SJKMP2YM|2016-02-19T18:40:34Z|2016-02-19T18:41:43Z|1041|1|1042|0|1043|0|1044|0|1045|0|1046|1|1047|0|1048|0|1049|1|1050|1
3QHITW7OYO9HVBIBWBQUSDDWFJ0QAT|A18DLTHQXKDX0Y|3D4CH1LGEATFZNCLRBCJROTTL1FG9A|2016-02-19T23:54:28Z|2016-02-19T23:55:38Z|1041|1|1042|0|1043|0|1044|0|1045|1|1046|1|1047|0|1048|0|1049|0|1050|1
3QHITW7OYO9HVBIBWBQUSDDWFJ0QAT|A1JVUD5XUB9H48|374TNBHA8BVLDDE72J9BKJQM0YPYQU|2016-02-20T00:19:27Z|2016-02-20T00:20:22Z|1041|1|1042|0|1043|0|1044|0|1045|0|1046|1|1047|0|1048|0|1049|0|1050|1
3QHITW7OYO9HVBIBWBQUSDDWFJ0QAT|AMKWR51EXOPA4|39PAAFCODM0H1ZBUECGMIPXF2OFTVN|2016-02-20T01:09:06Z|2016-02-20T01:09:27Z|1041|0|1042|0|1043|0|1044|0|1045|0|1046|0|1047|0|1048|0|1049|0|1050|0
3QHITW7OYO9HVBIBWBQUSDDWFJ0QAT|ADQ3CT01ITFPT|33SA9F9TRXUSR5T2ERWN55GS6O1EW1|2016-02-20T01:17:58Z|2016-02-20T01:19:03Z|1041|1|1042|0|1043|0|1044|0|1045|0|1046|1|1047|1|1048|0|1049|1|1050|1
3QHITW7OYO9HVBIBWBQUSDDWFJ0QAT|AM6RXZEET0140|37W3JXSD668QXAATES8HC888O3CYWC|2016-02-20T05:26:51Z|2016-02-20T05:27:29Z|1041|1|1042|0|1043|0|1044|0|1045|1|1046|1|1047|0|1048|0|1049|1|1050|1
3QHITW7OYO9HVBIBWBQUSDDWFJ0QAT|AM5XW4DZLA6OC|3A7Y0R2P2OOFRLKK2X30447RK1IJX5|2016-02-20T06:06:13Z|2016-02-20T06:07:30Z|1041|1|1042|0|1043|0|1044|0|1045|1|1046|1|1047|1|1048|0|1049|1|1050|1
3QHITW7OYO9HVBIBWBQUSDDWFJ0QAT|A2DIM099APN6L7|3GA6AFUKOOO7KHIGU8TRLB291GS3H6|2016-02-20T11:16:16Z|2016-02-20T11:17:02Z|1041|1|1042|0|1043|0|1044|0|1045|0|1046|1|1047|0|1048|0|1049|1|1050|1
3QHITW7OYO9HVBIBWBQUSDDWFJ0QAT|A2BIB960QFJWZD|3YWRV122CSZYQ0U66OVMV7ZABAMU8Q|2016-02-20T11:24:49Z|2016-02-20T11:28:17Z|1041|0|1042|1|1043|0|1044|0|1045|0|1046|1|1047|0|1048|0|1049|0|1050|1
3QHITW7OYO9HVBIBWBQUSDDWFJ0QAT|A3QLYZRBCASWI3|3SNVL38CI4SMZ7F7TM7PR6MVZA4CKC|2016-02-20T14:08:59Z|2016-02-20T14:10:08Z|1041|1|1042|0|1043|0|1044|0|1045|0|1046|1|1047|0|1048|0|1049|0|1050|1
3QHITW7OYO9HVBIBWBQUSDDWFJ0QAT|AU2HTYCXB1KYK|3GS6S824SQXWLB6F7QZ6VSA2LLUWND|2016-02-20T14:21:29Z|2016-02-20T14:22:31Z|1041|1|1042|0|1043|0|1044|0|1045|0|1046|1|1047|0|1048|0|1049|0|1050|1
3QHITW7OYO9HVBIBWBQUSDDWFJ0QAT|A143I60XRE97LR|3O6CYIULED19G1QO4RBS9N2WTISUWA|2016-02-20T14:36:01Z|2016-02-20T14:38:34Z|1041|1|1042|0|1043|0|1044|0|1045|1|1046|1|1047|0|1048|0|1049|1|1050|0
3QHITW7OYO9HVBIBWBQUSDDWFJ0QAT|A3TQD8CNO16IZK|3G5F9DBFOPXRWQKZEIZX46USS1TVH5|2016-02-20T14:50:49Z|2016-02-20T14:51:53Z|1041|0|1042|0|1043|0|1044|0|1045|1|1046|1|1047|0|1048|0|1049|1|1050|1
3VADEH0UHCX0VV3QDYXWD8HSWTLSP0|ASW9RE5GEG0FS|3YJ6NA41JBGAICITG6TJARLOIRYPJQ|2016-02-19T17:12:43Z|2016-02-19T17:13:31Z|1051|1|1052|1|1053|1|1054|0|1055|0|1056|0|1057|0|1058|1|1059|1|1060|0
3VADEH0UHCX0VV3QDYXWD8HSWTLSP0|AK7U41KDD6VJQ|3EO896NRAWV8A4B0XN23F1ML7VRTJ9|2016-02-19T18:36:18Z|2016-02-19T18:36:45Z|1051|0|1052|0|1053|0|1054|0|1055|1|1056|1|1057|0|1058|1|1059|0|1060|0
3VADEH0UHCX0VV3QDYXWD8HSWTLSP0|A2BBT5IY5K3K8U|3ZSANO2JCF7RQ2CPPX6SQYY7C8MSFC|2016-02-19T21:41:37Z|2016-02-19T21:42:50Z|1051|1|1052|1|1053|1|1054|0|1055|0|1056|0|1057|0|1058|1|1059|1|1060|0
3VADEH0UHCX0VV3QDYXWD8HSWTLSP0|AM00SJL3Q738J|3V5Q80FXIXR35RFYBNQKY7W6BP132W|2016-02-19T23:02:37Z|2016-02-19T23:03:09Z|1051|1|1052|1|1053|1|1054|0|1055|0|1056|0|1057|0|1058|1|1059|1|1060|0
3VADEH0UHCX0VV3QDYXWD8HSWTLSP0|A1TS1VZKN0YLMZ|3I0BTBYZAXLXPK98LLFW5DZ4NT0Y03|2016-02-19T23:39:17Z|2016-02-19T23:39:52Z|1051|1|1052|1|1053|1|1054|0|1055|0|1056|0|1057|0|1058|1|1059|1|1060|0
3VADEH0UHCX0VV3QDYXWD8HSWTLSP0|A1JVUD5XUB9H48|3JRJSWSMQHLV07RE47LL085V8TNE37|2016-02-19T23:48:27Z|2016-02-19T23:53:56Z|1051|1|1052|1|1053|1|1054|0|1055|0|1056|0|1057|0|1058|0|1059|1|1060|0
3VADEH0UHCX0VV3QDYXWD8HSWTLSP0|ADQ3CT01ITFPT|3ZPBJO59KP1529KDNXZ3YKOKROJHD7|2016-02-20T01:11:57Z|2016-02-20T01:12:56Z|1051|1|1052|1|1053|1|1054|0|1055|0|1056|0|1057|0|1058|1|1059|1|1060|0
3VADEH0UHCX0VV3QDYXWD8HSWTLSP0|AMKWR51EXOPA4|37XITHEISW98MBS2J6GMSI88TZHRCU|2016-02-20T03:50:14Z|2016-02-20T03:50:33Z|1051|0|1052|1|1053|0|1054|0|1055|1|1056|1|1057|0|1058|0|1059|1|1060|1
3VADEH0UHCX0VV3QDYXWD8HSWTLSP0|AM5XW4DZLA6OC|3RXCAC0YIRPFLITBMJ65RSYI10S8GI|2016-02-20T06:08:46Z|2016-02-20T06:09:39Z|1051|1|1052|1|1053|1|1054|0|1055|0|1056|0|1057|0|1058|1|1059|1|1060|0
3VADEH0UHCX0VV3QDYXWD8HSWTLSP0|A2TRHLKQ4IWLIB|3VNXK88KKCIYHK2GG6B5RPW49MR9VV|2016-02-20T08:49:08Z|2016-02-20T08:50:02Z|1051|1|1052|1|1053|1|1054|0|1055|0|1056|0|1057|0|1058|1|1059|1|1060|0
3VADEH0UHCX0VV3QDYXWD8HSWTLSP0|A2BIB960QFJWZD|3FTF2T8WLRIBW92L6GG1DRFIGVDW9C|2016-02-20T11:12:54Z|2016-02-20T11:16:29Z|1051|1|1052|0|1053|1|1054|1|1055|0|1056|0|1057|0|1058|0|1059|0|1060|0
3VADEH0UHCX0VV3QDYXWD8HSWTLSP0|A2RPII0OB1PREU|3PJUZCGDJ6G068638D0VZBCWYPK89L|2016-02-20T12:02:43Z|2016-02-20T12:04:07Z|1051|1|1052|1|1053|1|1054|0|1055|0|1056|0|1057|0|1058|1|1059|1|1060|0
3VADEH0UHCX0VV3QDYXWD8HSWTLSP0|A6UORND5JV7HN|3M0BCWMB8VWUK2HI40UX4XA84W1BWO|2016-02-20T13:18:42Z|2016-02-20T13:19:20Z|1051|1|1052|1|1053|1|1054|0|1055|0|1056|0|1057|0|1058|1|1059|1|1060|0
3VADEH0UHCX0VV3QDYXWD8HSWTLSP0|A2ES446BBCJUCK|37TRT2X24QR8EIHJX1BIF7G021DJBO|2016-02-20T14:38:34Z|2016-02-20T14:39:22Z|1051|1|1052|1|1053|1|1054|0|1055|0|1056|0|1057|0|1058|1|1059|1|1060|0
3VADEH0UHCX0VV3QDYXWD8HSWTLSP0|A1EIT99M9WK8Y0|3CPLWGV3MOZL9FT7EFPEH82RNLX9NQ|2016-02-20T15:38:00Z|2016-02-20T15:39:22Z|1051|1|1052|1|1053|1|1054|0|1055|0|1056|1|1057|0|1058|1|1059|1|1060|0
31ODACBENUFLV745DBCLDD721P7SQR|AK7U41KDD6VJQ|34YB12FSQYOU67VFGKGOWAZDLVFMGY|2016-02-19T18:39:57Z|2016-02-19T18:40:15Z|1061|1|1062|1|1063|0|1064|0|1065|0|1066|0|1067|1|1068|1|1069|0|1070|0
31ODACBENUFLV745DBCLDD721P7SQR|A1TS1VZKN0YLMZ|3HRMW88U16QXV3KU2IRLBICXEJKM0Z|2016-02-19T23:35:05Z|2016-02-19T23:35:52Z|1061|0|1062|1|1063|1|1064|0|1065|0|1066|0|1067|0|1068|1|1069|0|1070|1
31ODACBENUFLV745DBCLDD721P7SQR|A1JVUD5XUB9H48|3SITXWYCNV9992M8E5QJ6GOECSTXBA|2016-02-20T00:16:39Z|2016-02-20T00:18:14Z|1061|1|1062|0|1063|1|1064|1|1065|0|1066|0|1067|0|1068|1|1069|1|1070|1
31ODACBENUFLV745DBCLDD721P7SQR|AMKWR51EXOPA4|3B3WTRP3DB2PKT4ESWRUPKZSBKL29S|2016-02-20T01:10:18Z|2016-02-20T01:10:45Z|1061|0|1062|0|1063|0|1064|0|1065|0|1066|0|1067|0|1068|0|1069|0|1070|0
31ODACBENUFLV745DBCLDD721P7SQR|A2RORN9PT1C6YP|3GLB5JMZFXVR2DP23RHLDKCJCOQGDR|2016-02-20T01:43:41Z|2016-02-20T01:45:05Z|1061|0|1062|0|1063|1|1064|0|1065|0|1066|0|1067|0|1068|1|1069|0|1070|1
31ODACBENUFLV745DBCLDD721P7SQR|A34V9M2HPI6LGL|3KGTPGBS6XLN4LSHQ7MLLGM6O6ZU2H|2016-02-20T02:14:33Z|2016-02-20T02:16:13Z|1061|1|1062|0|1063|0|1064|0|1065|1|1066|0|1067|0|1068|1|1069|1|1070|1
31ODACBENUFLV745DBCLDD721P7SQR|A3NAQBUBIV489Q|3DHE4R9OCWB4Z3RM62X4H1LFF0Z2G8|2016-02-20T06:02:35Z|2016-02-20T06:03:42Z|1061|0|1062|0|1063|1|1064|0|1065|0|1066|0|1067|0|1068|0|1069|0|1070|1
31ODACBENUFLV745DBCLDD721P7SQR|AM5XW4DZLA6OC|3ZSANO2JCF7RQ2CPPX6SQYY7CF2SF6|2016-02-20T06:18:23Z|2016-02-20T06:19:20Z|1061|1|1062|1|1063|1|1064|0|1065|0|1066|0|1067|0|1068|0|1069|1|1070|1
31ODACBENUFLV745DBCLDD721P7SQR|ADQ3CT01ITFPT|3LOTDFNYA7ZKXJTY92GTNN1SIS8WFZ|2016-02-20T07:04:01Z|2016-02-20T07:05:13Z|1061|1|1062|1|1063|1|1064|0|1065|1|1066|0|1067|0|1068|0|1069|1|1070|1
31ODACBENUFLV745DBCLDD721P7SQR|A2RPII0OB1PREU|33F859I566DCNCMT918X3U0LP7GBHE|2016-02-20T08:23:49Z|2016-02-20T08:25:36Z|1061|1|1062|0|1063|1|1064|0|1065|0|1066|0|1067|0|1068|1|1069|0|1070|1
31ODACBENUFLV745DBCLDD721P7SQR|A3TSHG5R492EHU|3W92K5RLWUHFGX04DGYOF9R2NQOV56|2016-02-20T10:43:21Z|2016-02-20T10:44:00Z|1061|0|1062|0|1063|1|1064|1|1065|0|1066|1|1067|0|1068|0|1069|0|1070|0
31ODACBENUFLV745DBCLDD721P7SQR|A2BIB960QFJWZD|3180JW2OT4C6P20AWRK5CLG8S4NJ5H|2016-02-20T11:22:51Z|2016-02-20T11:23:38Z|1061|0|1062|0|1063|0|1064|0|1065|0|1066|0|1067|0|1068|1|1069|0|1070|1
31ODACBENUFLV745DBCLDD721P7SQR|AU2HTYCXB1KYK|37U1UTWH9VM6A82P2U0HQWCQ4CIR8L|2016-02-20T14:26:00Z|2016-02-20T14:27:01Z|1061|0|1062|0|1063|1|1064|0|1065|0|1066|0|1067|0|1068|1|1069|0|1070|1
3SA4EMRVJV20UMJE4WEC32B91130PM|A1QXW6HGZCSSNV|338JKRMM26Z742H13N818JGE6ERHAW|2016-02-19T18:12:36Z|2016-02-19T18:13:13Z|1071|0|1072|0|1073|0|1074|1|1075|1|1076|1|1077|1|1078|1|1079|1|1080|0
3SA4EMRVJV20UMJE4WEC32B91130PM|AK7U41KDD6VJQ|37M28K1J0QD3V8CRRNBMKWWTJ67AJ6|2016-02-19T18:37:34Z|2016-02-19T18:37:55Z|1071|0|1072|1|1073|1|1074|0|1075|0|1076|0|1077|1|1078|1|1079|0|1080|0
3SA4EMRVJV20UMJE4WEC32B91130PM|A3CX9UQ91LNQJJ|3FUI0JHJPXYSQ9BHFN4PHH1YH2H33L|2016-02-19T21:39:21Z|2016-02-19T21:40:15Z|1071|1|1072|0|1073|0|1074|0|1075|1|1076|1|1077|1|1078|1|1079|1|1080|0
3SA4EMRVJV20UMJE4WEC32B91130PM|A1TS1VZKN0YLMZ|3FE7TXL1LINVCSL09Y2GBFPHLI82QT|2016-02-19T23:43:24Z|2016-02-19T23:44:02Z|1071|0|1072|0|1073|0|1074|1|1075|1|1076|1|1077|1|1078|1|1079|1|1080|0
3SA4EMRVJV20UMJE4WEC32B91130PM|A1JVUD5XUB9H48|32UTUBMZ7GWH5DHDEQP1IVRTWH6VBQ|2016-02-20T00:52:13Z|2016-02-20T00:54:25Z|1071|1|1072|0|1073|0|1074|0|1075|1|1076|1|1077|1|1078|1|1079|1|1080|0
3SA4EMRVJV20UMJE4WEC32B91130PM|AMKWR51EXOPA4|3BF51CHDTVAB3PJJBLB8JD41XY50HQ|2016-02-20T01:02:34Z|2016-02-20T01:02:55Z|1071|0|1072|0|1073|0|1074|0|1075|0|1076|1|1077|1|1078|1|1079|1|1080|1
3SA4EMRVJV20UMJE4WEC32B91130PM|AM5XW4DZLA6OC|3ND9UOO81K26XB3UVDJRI06CFOJLWI|2016-02-20T06:17:30Z|2016-02-20T06:18:22Z|1071|1|1072|1|1073|1|1074|1|1075|1|1076|1|1077|1|1078|1|1079|1|1080|1
3SA4EMRVJV20UMJE4WEC32B91130PM|ADQ3CT01ITFPT|3WLEIWSYHOHIZZMXQ8FM21XGU0PH2Z|2016-02-20T07:00:29Z|2016-02-20T07:01:42Z|1071|0|1072|0|1073|0|1074|0|1075|1|1076|1|1077|1|1078|1|1079|1|1080|0
3SA4EMRVJV20UMJE4WEC32B91130PM|A2DIM099APN6L7|3VE8AYVF8MX97IXGBZ0N97Y71M68F2|2016-02-20T11:17:03Z|2016-02-20T11:17:58Z|1071|0|1072|0|1073|0|1074|0|1075|1|1076|1|1077|1|1078|1|1079|1|1080|0
3SA4EMRVJV20UMJE4WEC32B91130PM|A2BIB960QFJWZD|326O153BMIYTIZTBXWRXDHR80DRED1|2016-02-20T11:34:59Z|2016-02-20T11:35:39Z|1071|0|1072|0|1073|0|1074|0|1075|1|1076|0|1077|0|1078|1|1079|1|1080|0
3SA4EMRVJV20UMJE4WEC32B91130PM|A3TQD8CNO16IZK|3FTOP5WARFO7UVE9ZLETVQKHBXK0JN|2016-02-20T14:48:24Z|2016-02-20T14:49:12Z|1071|0|1072|0|1073|0|1074|1|1075|1|1076|1|1077|1|1078|1|1079|1|1080|0
30UZJB2POHCSI40S34NH7U4ZDDL53Z|ASW9RE5GEG0FS|3MX2NQ3YC9U7KM5ZDVZ63UOM2PB5X7|2016-02-19T17:09:31Z|2016-02-19T17:10:39Z|1081|0|1082|0|1083|1|1084|0|1085|0|1086|0|1087|0|1088|1|1089|0|1090|1
30UZJB2POHCSI40S34NH7U4ZDDL53Z|AK7U41KDD6VJQ|33SA9F9TRXUSR5T2ERWN55GS6HHEW3|2016-02-19T18:46:35Z|2016-02-19T18:47:25Z|1081|0|1082|0|1083|1|1084|0|1085|0|1086|0|1087|0|1088|1|1089|0|1090|1
30UZJB2POHCSI40S34NH7U4ZDDL53Z|A1TS1VZKN0YLMZ|3570Y55XZPJU0OKTZN4ZQ5MKUALYG2|2016-02-19T23:33:25Z|2016-02-19T23:34:10Z|1081|0|1082|0|1083|1|1084|0|1085|0|1086|0|1087|0|1088|1|1089|0|1090|0
30UZJB2POHCSI40S34NH7U4ZDDL53Z|A1JVUD5XUB9H48|37WLF8U1WPQXJQ66JVUM56UK2IHK61|2016-02-20T00:39:34Z|2016-02-20T00:41:49Z|1081|0|1082|0|1083|1|1084|0|1085|0|1086|0|1087|0|1088|1|1089|0|1090|1
30UZJB2POHCSI40S34NH7U4ZDDL53Z|A3AO2N7BNFDGF3|3WMOAN2SRBXJ6M6AHGUA9QRND6RVNM|2016-02-20T01:04:22Z|2016-02-20T01:04:50Z|1081|0|1082|0|1083|1|1084|0|1085|0|1086|0|1087|0|1088|1|1089|0|1090|1
30UZJB2POHCSI40S34NH7U4ZDDL53Z|ADQ3CT01ITFPT|3LRKMWOKB5H4QKMRWULT281LQNIZ2D|2016-02-20T01:24:23Z|2016-02-20T01:25:21Z|1081|0|1082|1|1083|1|1084|1|1085|1|1086|0|1087|0|1088|1|1089|0|1090|1
30UZJB2POHCSI40S34NH7U4ZDDL53Z|AMKWR51EXOPA4|33JKGHPFYCU0GZC13OTJMU8AME7NMR|2016-02-20T01:49:31Z|2016-02-20T01:49:58Z|1081|0|1082|0|1083|0|1084|0|1085|0|1086|0|1087|0|1088|0|1089|0|1090|0
30UZJB2POHCSI40S34NH7U4ZDDL53Z|AM6RXZEET0140|35DR22AR5DK467IVZCBDOXQ2O4PX30|2016-02-20T05:30:45Z|2016-02-20T05:31:14Z|1081|0|1082|1|1083|1|1084|0|1085|0|1086|0|1087|0|1088|1|1089|1|1090|1
30UZJB2POHCSI40S34NH7U4ZDDL53Z|A2BIB960QFJWZD|308Q0PEVB8DTVEIGHZCMC06A1KE9IH|2016-02-20T11:03:18Z|2016-02-20T11:04:37Z|1081|0|1082|0|1083|1|1084|0|1085|0|1086|0|1087|0|1088|0|1089|0|1090|0
30UZJB2POHCSI40S34NH7U4ZDDL53Z|A6UORND5JV7HN|34FNN24DCM9WKRV9IRL8M8VW58F5YG|2016-02-20T13:17:03Z|2016-02-20T13:17:47Z|1081|0|1082|1|1083|1|1084|0|1085|1|1086|0|1087|0|1088|1|1089|1|1090|1
30UZJB2POHCSI40S34NH7U4ZDDL53Z|A3QLYZRBCASWI3|3OCHAWUVGOKA25Q2KI3C5J750SKKXE|2016-02-20T13:41:35Z|2016-02-20T13:45:41Z|1081|0|1082|1|1083|1|1084|1|1085|0|1086|0|1087|0|1088|0|1089|0|1090|0
3WGZLY9VCHM9NELRUR0WWN026GC8D3|A2XDUOFU5HYPUI|3VFJCI1K4ZZL3N87LSC5I9TNRH3GR3|2016-02-19T17:07:20Z|2016-02-19T17:08:07Z|1091|1|1092|0|1093|0|1094|1|1095|0|1096|1|1097|1|1098|0|1099|1|1100|1
3WGZLY9VCHM9NELRUR0WWN026GC8D3|AK7U41KDD6VJQ|3K4J6M3CXETT46MQJHQJNJ4DRESAG4|2016-02-19T18:41:43Z|2016-02-19T18:42:08Z|1091|0|1092|0|1093|0|1094|1|1095|1|1096|0|1097|1|1098|0|1099|0|1100|0
3WGZLY9VCHM9NELRUR0WWN026GC8D3|A2BBT5IY5K3K8U|3ZPBJO59KP1529KDNXZ3YKOKRKRDH3|2016-02-19T21:42:50Z|2016-02-19T21:44:10Z|1091|1|1092|1|1093|0|1094|0|1095|1|1096|1|1097|1|1098|0|1099|1|1100|1
3WGZLY9VCHM9NELRUR0WWN026GC8D3|A1TS1VZKN0YLMZ|3NC5L260MOMCSAKWIGPJ6TO6FLQOFM|2016-02-19T23:37:39Z|2016-02-19T23:38:20Z|1091|1|1092|0|1093|0|1094|0|1095|1|1096|1|1097|1|1098|0|1099|1|1100|1
3WGZLY9VCHM9NELRUR0WWN026GC8D3|A1JVUD5XUB9H48|3F6KKYWMNB1XC56OQVUG34LGDZZNDR|2016-02-20T00:22:39Z|2016-02-20T00:31:21Z|1091|1|1092|0|1093|0|1094|0|1095|1|1096|1|1097|1|1098|1|1099|1|1100|1
3WGZLY9VCHM9NELRUR0WWN026GC8D3|AWHCA5PZ6MTKB|3X65QVEQI0NXJDXPEMJQ66Z9N4WCLN|2016-02-20T00:37:52Z|2016-02-20T00:38:53Z|1091|1|1092|1|1093|0|1094|0|1095|1|1096|1|1097|1|1098|1|1099|1|1100|1
3WGZLY9VCHM9NELRUR0WWN026GC8D3|AMKWR51EXOPA4|3O7L7BFSHEPAQA9XPAS84E7KRCVIEO|2016-02-20T01:06:15Z|2016-02-20T01:06:38Z|1091|0|1092|0|1093|0|1094|0|1095|0|1096|0|1097|0|1098|0|1099|1|1100|1
3WGZLY9VCHM9NELRUR0WWN026GC8D3|ADQ3CT01ITFPT|3SKEMFQBZ35KN4PUCARKPKQB8GJK85|2016-02-20T04:27:41Z|2016-02-20T04:28:35Z|1091|1|1092|0|1093|0|1094|0|1095|1|1096|1|1097|1|1098|0|1099|1|1100|1
3WGZLY9VCHM9NELRUR0WWN026GC8D3|A324J3PKWTCJS3|3X0H8UUIT1OT1OYKFMGSUMK77IHWSX|2016-02-20T05:27:46Z|2016-02-20T05:28:21Z|1091|0|1092|1|1093|0|1094|1|1095|1|1096|1|1097|1|1098|0|1099|1|1100|1
3WGZLY9VCHM9NELRUR0WWN026GC8D3|A2TRHLKQ4IWLIB|38SKSKU7R1XOWGJP6WFCH9X51EBIL3|2016-02-20T08:45:59Z|2016-02-20T08:47:02Z|1091|1|1092|0|1093|0|1094|0|1095|1|1096|1|1097|1|1098|0|1099|1|1100|1
3WGZLY9VCHM9NELRUR0WWN026GC8D3|A2RPII0OB1PREU|3LEP4MGT3G0VBWHRN5P7C9LNXFODB8|2016-02-20T08:40:31Z|2016-02-20T08:49:27Z|1091|1|1092|0|1093|0|1094|0|1095|1|1096|1|1097|1|1098|0|1099|1|1100|1
3WGZLY9VCHM9NELRUR0WWN026GC8D3|A2BIB960QFJWZD|3TE22NPXPBCYQ1DPFFER1RLBAB5449|2016-02-20T11:33:09Z|2016-02-20T11:33:37Z|1091|0|1092|0|1093|0|1094|0|1095|0|1096|0|1097|0|1098|0|1099|1|1100|1
3WGZLY9VCHM9NELRUR0WWN026GC8D3|A6UORND5JV7HN|3YT88D1N08YYM7JO0TWOY3I1TXF3KT|2016-02-20T13:16:17Z|2016-02-20T13:16:58Z|1091|1|1092|0|1093|0|1094|0|1095|1|1096|1|1097|1|1098|0|1099|1|1100|1
3WGZLY9VCHM9NELRUR0WWN026GC8D3|AU2HTYCXB1KYK|3K5TEWLKGVBRSLVJK0HI4IV7SDYVIM|2016-02-20T14:23:22Z|2016-02-20T14:24:18Z|1091|0|1092|0|1093|0|1094|0|1095|0|1096|1|1097|1|1098|0|1099|1|1100|1
3TKXBROM5TAFF6XWD9YYCAPTEWDIJY|A1QXW6HGZCSSNV|3RKNTXVS3MYDSQT6OGOIEU7A196A44|2016-02-19T18:16:03Z|2016-02-19T18:16:38Z|1101|1|1102|1|1103|1|1104|0|1105|1|1106|1|1107|0|1108|0|1109|1|1110|1
3TKXBROM5TAFF6XWD9YYCAPTEWDIJY|AK7U41KDD6VJQ|3FE2ERCCZX8OJN9QWJLOIN2AHMJPOM|2016-02-19T18:44:39Z|2016-02-19T18:45:05Z|1101|0|1102|0|1103|1|1104|1|1105|0|1106|0|1107|1|1108|0|1109|0|1110|1
3TKXBROM5TAFF6XWD9YYCAPTEWDIJY|A1JVUD5XUB9H48|3B3WTRP3DB2PKT4ESWRUPKZSBJ292E|2016-02-20T00:36:51Z|2016-02-20T00:37:39Z|1101|0|1102|1|1103|0|1104|0|1105|1|1106|0|1107|0|1108|0|1109|1|1110|0
3TKXBROM5TAFF6XWD9YYCAPTEWDIJY|A3AO2N7BNFDGF3|3UWN2HHPUY53EUP6NLP5Y37GE2UNS6|2016-02-20T00:59:12Z|2016-02-20T00:59:44Z|1101|0|1102|1|1103|0|1104|0|1105|1|1106|0|1107|0|1108|0|1109|1|1110|0
3TKXBROM5TAFF6XWD9YYCAPTEWDIJY|AMKWR51EXOPA4|3LUY3GC63Z0HYHHRFX4M71GFR4O7P7|2016-02-20T01:09:55Z|2016-02-20T01:10:18Z|1101|0|1102|0|1103|0|1104|0|1105|0|1106|0|1107|0|1108|0|1109|0|1110|0
3TKXBROM5TAFF6XWD9YYCAPTEWDIJY|A3NAQBUBIV489Q|3DBQWDE4Y6Y28SRVBPCX5SXO0M9N5Z|2016-02-20T05:45:32Z|2016-02-20T05:46:57Z|1101|0|1102|1|1103|0|1104|0|1105|1|1106|0|1107|0|1108|0|1109|1|1110|0
3TKXBROM5TAFF6XWD9YYCAPTEWDIJY|AM5XW4DZLA6OC|3K772S5NP8BAUFYDJSAN4265R36EHP|2016-02-20T06:16:27Z|2016-02-20T06:17:30Z|1101|1|1102|1|1103|0|1104|0|1105|1|1106|0|1107|0|1108|0|1109|1|1110|1
3TKXBROM5TAFF6XWD9YYCAPTEWDIJY|ADQ3CT01ITFPT|3IGI0VL647KOG2XDG48WEYXFHHUNOK|2016-02-20T07:03:14Z|2016-02-20T07:04:01Z|1101|0|1102|1|1103|0|1104|0|1105|1|1106|0|1107|0|1108|1|1109|1|1110|0
3TKXBROM5TAFF6XWD9YYCAPTEWDIJY|A2BIB960QFJWZD|3OSWBBLG1EX2OZKSS1HP16CFGJ1XDS|2016-02-20T11:30:28Z|2016-02-20T11:31:04Z|1101|0|1102|1|1103|0|1104|0|1105|0|1106|0|1107|0|1108|0|1109|1|1110|0
3ZLW647WALV0J7H5LLLJ9N1NT3U23V|ASW9RE5GEG0FS|33LK57MYLT5XVJ3PQ90ZTQEPO9KSZW|2016-02-19T17:17:13Z|2016-02-19T17:18:09Z|1111|0|1112|1|1113|1|1114|0|1115|0|1116|0|1117|1|1118|0|1119|0|1120|1
3ZLW647WALV0J7H5LLLJ9N1NT3U23V|A2UETCNUK66V51|3Z4AIRP3C6D8W44GC8XU04B5Q9GX1R|2016-02-19T17:30:40Z|2016-02-19T17:32:29Z|1111|0|1112|1|1113|1|1114|0|1115|0|1116|0|1117|1|1118|0|1119|0|1120|1
3ZLW647WALV0J7H5LLLJ9N1NT3U23V|AK7U41KDD6VJQ|308Q0PEVB8DTVEIGHZCMC06909T9I7|2016-02-19T18:22:57Z|2016-02-19T18:24:19Z|1111|0|1112|1|1113|1|1114|0|1115|0|1116|0|1117|1|1118|0|1119|0|1120|1
3ZLW647WALV0J7H5LLLJ9N1NT3U23V|A1JVUD5XUB9H48|3I2PTA7R3TUQT8PQY48KBBBB2I7KQA|2016-02-20T00:02:59Z|2016-02-20T00:03:56Z|1111|0|1112|1|1113|1|1114|0|1115|1|1116|0|1117|1|1118|1|1119|1|1120|1
3ZLW647WALV0J7H5LLLJ9N1NT3U23V|AWHCA5PZ6MTKB|3M0BCWMB8VWUK2HI40UX4XA73QYBW6|2016-02-20T00:33:50Z|2016-02-20T00:34:53Z|1111|0|1112|1|1113|1|1114|0|1115|0|1116|0|1117|1|1118|0|1119|0|1120|1
3ZLW647WALV0J7H5LLLJ9N1NT3U23V|AMKWR51EXOPA4|3TDXMTX3CBU6DVGIJS9ASQF7AE3I6Z|2016-02-20T00:59:19Z|2016-02-20T00:59:42Z|1111|0|1112|1|1113|1|1114|0|1115|0|1116|0|1117|1|1118|1|1119|1|1120|0
3ZLW647WALV0J7H5LLLJ9N1NT3U23V|ADQ3CT01ITFPT|3JJVG1YBEBX07J2Y8Z7OEXXUJW85B3|2016-02-20T04:26:45Z|2016-02-20T04:27:40Z|1111|0|1112|1|1113|1|1114|0|1115|0|1116|0|1117|1|1118|0|1119|0|1120|1
3ZLW647WALV0J7H5LLLJ9N1NT3U23V|AJSU6K1MQ28XO|3FE7TXL1LINVCSL09Y2GBFPHLN42QZ|2016-02-20T05:36:34Z|2016-02-20T05:37:27Z|1111|0|1112|1|1113|1|1114|0|1115|0|1116|0|1117|1|1118|0|1119|0|1120|1
3ZLW647WALV0J7H5LLLJ9N1NT3U23V|A3NAQBUBIV489Q|3O6CYIULED19G1QO4RBS9N2VSF9UWI|2016-02-20T06:01:31Z|2016-02-20T06:02:35Z|1111|0|1112|0|1113|1|1114|0|1115|0|1116|0|1117|1|1118|1|1119|0|1120|1
3ZLW647WALV0J7H5LLLJ9N1NT3U23V|A2BIB960QFJWZD|3WQQ9FUS6AUJU1L06XERQH7MMPFB8Q|2016-02-20T11:22:17Z|2016-02-20T11:22:50Z|1111|0|1112|0|1113|0|1114|0|1115|0|1116|0|1117|1|1118|0|1119|0|1120|1
3ZLW647WALV0J7H5LLLJ9N1NT3U23V|A2Z62ONV0T3GSM|3137ONMDKG5WUJ32ZMS5J2U5D5MEGQ|2016-02-20T13:07:45Z|2016-02-20T13:10:28Z|1111|0|1112|1|1113|1|1114|0|1115|1|1116|0|1117|1|1118|0|1119|0|1120|0
3ZLW647WALV0J7H5LLLJ9N1NT3U23V|A3QLYZRBCASWI3|3ZSY5X72NXB9V0P59BPDNI2QJGHORE|2016-02-20T14:11:13Z|2016-02-20T14:12:45Z|1111|0|1112|0|1113|0|1114|0|1115|0|1116|0|1117|0|1118|1|1119|0|1120|1
3ZLW647WALV0J7H5LLLJ9N1NT3U23V|AU2HTYCXB1KYK|3DZQRBDBSLFWAQWW525QPP9BAR8S3F|2016-02-20T14:25:13Z|2016-02-20T14:26:00Z|1111|0|1112|1|1113|1|1114|0|1115|0|1116|0|1117|1|1118|0|1119|0|1120|1
3ZLW647WALV0J7H5LLLJ9N1NT3U23V|A3TQD8CNO16IZK|3BWI6RSP7G9D1QS16JOBDPHCE3UE7G|2016-02-20T14:49:12Z|2016-02-20T14:49:56Z|1111|0|1112|1|1113|1|1114|0|1115|0|1116|0|1117|1|1118|0|1119|0|1120|1
3ZLW647WALV0J7H5LLLJ9N1NT3U23V|A2HK2CV0Z4CW4U|3SLE99ER0NDYEXMNFNE4314QL0SZBT|2016-02-20T16:27:05Z|2016-02-20T16:27:35Z|1111|0|1112|0|1113|0|1114|0|1115|0|1116|0|1117|0|1118|0|1119|0|1120|0
3FK4G712NX0X8NJI5F1Q8DM3JDSSSG|A2DIM099APN6L7|3U84XHCDICDETY1E084HVNYJATFZ4U|2016-02-19T17:14:42Z|2016-02-19T17:15:24Z|1121|0|1122|0|1123|0|1124|0|1125|0|1126|0|1127|0|1128|0|1129|0|1130|1
3FK4G712NX0X8NJI5F1Q8DM3JDSSSG|AK7U41KDD6VJQ|3R0T90IZ1SCHXLJO3VMATEU1RHCGCB|2016-02-19T18:40:15Z|2016-02-19T18:40:34Z|1121|0|1122|0|1123|1|1124|0|1125|1|1126|1|1127|1|1128|0|1129|0|1130|0
3FK4G712NX0X8NJI5F1Q8DM3JDSSSG|A1TS1VZKN0YLMZ|3HMIGG0U4L6F79EBGPSBYS5M6RF8Y3|2016-02-19T23:41:41Z|2016-02-19T23:42:31Z|1121|0|1122|0|1123|0|1124|0|1125|0|1126|0|1127|0|1128|1|1129|1|1130|1
3FK4G712NX0X8NJI5F1Q8DM3JDSSSG|A1JVUD5XUB9H48|37Q970SNZE800NIHIYR71WUDB1CS1Q|2016-02-20T00:37:40Z|2016-02-20T00:38:32Z|1121|0|1122|0|1123|0|1124|0|1125|0|1126|0|1127|0|1128|0|1129|0|1130|1
3FK4G712NX0X8NJI5F1Q8DM3JDSSSG|AMKWR51EXOPA4|3PPTZCWALQKLI3OCY5BUYQZO6SLZQE|2016-02-20T01:05:32Z|2016-02-20T01:06:15Z|1121|0|1122|0|1123|0|1124|0|1125|0|1126|0|1127|0|1128|0|1129|0|1130|0
3FK4G712NX0X8NJI5F1Q8DM3JDSSSG|ADQ3CT01ITFPT|3GLB5JMZFXVR2DP23RHLDKCJCOBDG9|2016-02-20T01:20:40Z|2016-02-20T01:21:41Z|1121|0|1122|0|1123|0|1124|0|1125|0|1126|0|1127|1|1128|1|1129|0|1130|0
3FK4G712NX0X8NJI5F1Q8DM3JDSSSG|A2RPII0OB1PREU|3XXU1SWE8MVWT2B55F1G2RHYL9K0AZ|2016-02-20T11:30:40Z|2016-02-20T11:32:37Z|1121|0|1122|0|1123|0|1124|0|1125|0|1126|0|1127|0|1128|1|1129|0|1130|0
3FK4G712NX0X8NJI5F1Q8DM3JDSSSG|A2BIB960QFJWZD|3TMFV4NEP8EBI4JB1OANDVK7WQZ8W5|2016-02-20T11:34:08Z|2016-02-20T11:34:33Z|1121|0|1122|0|1123|0|1124|0|1125|0|1126|0|1127|0|1128|1|1129|0|1130|0
3HYV4299H0WEFKZRQMBG25IN6SD8EW|ASW9RE5GEG0FS|3RJSC4XJ10UZNWZOAJAZUG1BSIU50G|2016-02-19T17:19:06Z|2016-02-19T17:20:17Z|1131|1|1132|0|1133|0|1134|0|1135|1|1136|1|1137|0|1138|1|1139|1|1140|0
3HYV4299H0WEFKZRQMBG25IN6SD8EW|AK7U41KDD6VJQ|3BF51CHDTVAB3PJJBLB8JD41XSFH05|2016-02-19T18:15:24Z|2016-02-19T18:17:00Z|1131|1|1132|0|1133|0|1134|1|1135|1|1136|1|1137|0|1138|1|1139|0|1140|0
3HYV4299H0WEFKZRQMBG25IN6SD8EW|AM00SJL3Q738J|3D3VGR7TA0FK9BWJQD5LZF4ENHH3RB|2016-02-19T23:03:11Z|2016-02-19T23:03:50Z|1131|1|1132|0|1133|0|1134|0|1135|1|1136|1|1137|0|1138|1|1139|1|1140|0
3HYV4299H0WEFKZRQMBG25IN6SD8EW|A1JVUD5XUB9H48|3WMINLGALB3GNU6LHVU0XSJYTRDCAJ|2016-02-20T00:03:56Z|2016-02-20T00:10:40Z|1131|1|1132|0|1133|0|1134|1|1135|1|1136|1|1137|1|1138|1|1139|1|1140|0
3HYV4299H0WEFKZRQMBG25IN6SD8EW|AMKWR51EXOPA4|338JKRMM26Z742H13N818JGE6KHAHR|2016-02-20T01:05:05Z|2016-02-20T01:05:32Z|1131|0|1132|0|1133|0|1134|0|1135|0|1136|0|1137|0|1138|0|1139|0|1140|0
3HYV4299H0WEFKZRQMBG25IN6SD8EW|ADQ3CT01ITFPT|37QW5D2ZRGMIBN22HJ0MG6HLP8D8SN|2016-02-20T01:28:06Z|2016-02-20T01:28:57Z|1131|1|1132|0|1133|0|1134|0|1135|1|1136|1|1137|0|1138|1|1139|1|1140|0
3HYV4299H0WEFKZRQMBG25IN6SD8EW|A3NAQBUBIV489Q|3C5W7UE9CFQ5STQ55UGSKWZ8OVDXMN|2016-02-20T06:06:48Z|2016-02-20T06:07:44Z|1131|1|1132|0|1133|0|1134|1|1135|1|1136|1|1137|0|1138|1|1139|0|1140|0
3HYV4299H0WEFKZRQMBG25IN6SD8EW|A3TSHG5R492EHU|3CP1TO84PT16J622P6EDD4URQSV255|2016-02-20T10:42:12Z|2016-02-20T10:42:34Z|1131|1|1132|0|1133|0|1134|0|1135|1|1136|1|1137|0|1138|1|1139|1|1140|0
3HYV4299H0WEFKZRQMBG25IN6SD8EW|A2BIB960QFJWZD|3AAJC4I4FGS4WGKZ3FRL1PN3T2RJZI|2016-02-20T10:58:31Z|2016-02-20T10:59:12Z|1131|0|1132|0|1133|1|1134|0|1135|0|1136|0|1137|1|1138|1|1139|0|1140|0
3HYV4299H0WEFKZRQMBG25IN6SD8EW|A2RPII0OB1PREU|31EUONYN2V31O76MIVUNOFRT4MFVOZ|2016-02-20T13:03:10Z|2016-02-20T13:05:15Z|1131|1|1132|0|1133|0|1134|0|1135|1|1136|1|1137|0|1138|1|1139|1|1140|0
3HYV4299H0WEFKZRQMBG25IN6SD8EW|A1EIT99M9WK8Y0|39DD6S19JPBWL0Y7PEGU49ABOWJZE5|2016-02-20T15:35:28Z|2016-02-20T15:37:46Z|1131|1|1132|0|1133|0|1134|1|1135|1|1136|1|1137|0|1138|1|1139|1|1140|0
3HYV4299H0WEFKZRQMBG25IN6SD8EW|A395CIDZ1XLAVU|3Q5ZZ9ZEVOFH5L4R5NNENV7UCV6853|2016-02-20T16:40:02Z|2016-02-20T16:41:15Z|1131|1|1132|0|1133|0|1134|0|1135|0|1136|1|1137|0|1138|1|1139|1|1140|0
3P458N04Q1HCZ5OJ5AS7G3QR0YW2XW|A2XDUOFU5HYPUI|3C44YUNSI1PXFQI16A787TQBD7YPD9|2016-02-19T17:05:37Z|2016-02-19T17:06:08Z|1141|0|1142|0|1143|0|1144|0|1145|0|1146|0|1147|0|1148|0|1149|0|1150|1
3P458N04Q1HCZ5OJ5AS7G3QR0YW2XW|AK7U41KDD6VJQ|3R3YRB5GRF3C9ONL3MF0RY540M6UAN|2016-02-19T18:42:08Z|2016-02-19T18:42:36Z|1141|1|1142|1|1143|0|1144|0|1145|0|1146|0|1147|0|1148|0|1149|1|1150|0
3P458N04Q1HCZ5OJ5AS7G3QR0YW2XW|AFIFVNL3CREJN|3NOKK93PR18YA57BTR2HJZ9SZFAEEP|2016-02-19T20:58:26Z|2016-02-19T21:01:54Z|1141|1|1142|1|1143|0|1144|1|1145|0|1146|0|1147|1|1148|0|1149|1|1150|1
3P458N04Q1HCZ5OJ5AS7G3QR0YW2XW|A1JVUD5XUB9H48|3DY46V3X3PIYI3LP7PGBBBX29WO55W|2016-02-20T00:01:22Z|2016-02-20T00:02:58Z|1141|1|1142|1|1143|0|1144|0|1145|0|1146|0|1147|1|1148|0|1149|0|1150|1
3P458N04Q1HCZ5OJ5AS7G3QR0YW2XW|AWHCA5PZ6MTKB|354P56DE9K3EB9XJ7E8G26LQENB7S1|2016-02-20T00:35:18Z|2016-02-20T00:36:18Z|1141|1|1142|1|1143|0|1144|0|1145|0|1146|0|1147|1|1148|0|1149|1|1150|0
3P458N04Q1HCZ5OJ5AS7G3QR0YW2XW|AMKWR51EXOPA4|3U4J9857OEBFUNGHWSMLCHBQA067BJ|2016-02-20T02:00:18Z|2016-02-20T02:00:48Z|1141|0|1142|0|1143|0|1144|0|1145|0|1146|0|1147|0|1148|0|1149|0|1150|1
3P458N04Q1HCZ5OJ5AS7G3QR0YW2XW|ADQ3CT01ITFPT|3SNLUL3WO4NT57EP0D4Q0CLFU7FULX|2016-02-20T04:24:51Z|2016-02-20T04:25:57Z|1141|1|1142|0|1143|0|1144|1|1145|0|1146|0|1147|1|1148|0|1149|0|1150|1
3P458N04Q1HCZ5OJ5AS7G3QR0YW2XW|AYC41SV9FDL6U|323Q6SJS8IG20TY9E3UTMKR5346FHT|2016-02-20T05:13:07Z|2016-02-20T05:14:16Z|1141|1|1142|0|1143|0|1144|0|1145|0|1146|0|1147|1|1148|0|1149|1|1150|1
3P458N04Q1HCZ5OJ5AS7G3QR0YW2XW|AM6RXZEET0140|3RU7GD8VPOT3HF1J302X2SCBELFPSW|2016-02-20T05:31:40Z|2016-02-20T05:32:04Z|1141|1|1142|1|1143|0|1144|1|1145|0|1146|0|1147|1|1148|0|1149|1|1150|1
3P458N04Q1HCZ5OJ5AS7G3QR0YW2XW|A2RPII0OB1PREU|3GLB5JMZFXVR2DP23RHLDKCKDSFGDR|2016-02-20T08:35:40Z|2016-02-20T08:40:30Z|1141|0|1142|0|1143|0|1144|1|1145|0|1146|0|1147|1|1148|0|1149|0|1150|1
3P458N04Q1HCZ5OJ5AS7G3QR0YW2XW|A3FS6G1PEDN3GH|3RRCEFRB7MCIB0YYUUOE95RHK284BZ|2016-02-20T09:58:23Z|2016-02-20T09:59:29Z|1141|1|1142|0|1143|0|1144|0|1145|0|1146|0|1147|1|1148|0|1149|1|1150|1
3P458N04Q1HCZ5OJ5AS7G3QR0YW2XW|A3TSHG5R492EHU|3NS0A6KXC48U5EUYV96I4CVN1A7ZGR|2016-02-20T10:42:35Z|2016-02-20T10:42:47Z|1141|0|1142|0|1143|0|1144|0|1145|0|1146|0|1147|0|1148|0|1149|0|1150|0
3P458N04Q1HCZ5OJ5AS7G3QR0YW2XW|A2BIB960QFJWZD|3RKNTXVS3MYDSQT6OGOIEU7B2KUA4H|2016-02-20T11:00:03Z|2016-02-20T11:01:14Z|1141|0|1142|1|1143|0|1144|0|1145|0|1146|0|1147|1|1148|0|1149|0|1150|1
3P458N04Q1HCZ5OJ5AS7G3QR0YW2XW|AU2HTYCXB1KYK|3DHE4R9OCWB4Z3RM62X4H1LGG3G2GY|2016-02-20T14:27:41Z|2016-02-20T14:28:30Z|1141|0|1142|0|1143|0|1144|0|1145|0|1146|0|1147|1|1148|0|1149|0|1150|1
3YO4AH2FPDKLUYKT49T1371J6XP0QD|A2DIM099APN6L7|392CY0QWG1RSY8C404GVVSVTEGDI4G|2016-02-19T17:13:21Z|2016-02-19T17:14:31Z|1151|1|1152|1|1153|0|1154|0|1155|0|1156|0|1157|1|1158|1|1159|0|1160|0
3YO4AH2FPDKLUYKT49T1371J6XP0QD|A1QXW6HGZCSSNV|3UWN2HHPUY53EUP6NLP5Y37GEW6NS6|2016-02-19T18:13:13Z|2016-02-19T18:14:02Z|1151|1|1152|0|1153|0|1154|0|1155|0|1156|1|1157|1|1158|1|1159|1|1160|1
3YO4AH2FPDKLUYKT49T1371J6XP0QD|AK7U41KDD6VJQ|3W2LOLRXLBFQ594QBJXKG1LGYZYRKX|2016-02-19T18:45:35Z|2016-02-19T18:45:54Z|1151|0|1152|0|1153|1|1154|0|1155|1|1156|1|1157|0|1158|0|1159|1|1160|0
3YO4AH2FPDKLUYKT49T1371J6XP0QD|A1JVUD5XUB9H48|3W2LOLRXLBFQ594QBJXKG1LGY5FKRJ|2016-02-20T00:14:55Z|2016-02-20T00:16:39Z|1151|1|1152|1|1153|0|1154|0|1155|0|1156|0|1157|1|1158|1|1159|1|1160|1
3YO4AH2FPDKLUYKT49T1371J6XP0QD|ADQ3CT01ITFPT|3PW9OPU9PQK7VO1JOJC1AEH9D8921V|2016-02-20T01:28:58Z|2016-02-20T01:30:01Z|1151|1|1152|1|1153|0|1154|0|1155|0|1156|0|1157|1|1158|1|1159|1|1160|0
3YO4AH2FPDKLUYKT49T1371J6XP0QD|AMKWR51EXOPA4|3A4NIXBJ76ZASZ9GRBD4924LHJDLMT|2016-02-20T01:58:14Z|2016-02-20T01:58:37Z|1151|0|1152|0|1153|0|1154|0|1155|0|1156|0|1157|0|1158|0|1159|0|1160|0
3YO4AH2FPDKLUYKT49T1371J6XP0QD|AM5XW4DZLA6OC|3WR9XG3T63BV9OV8HDCY435K0BC746|2016-02-20T06:01:54Z|2016-02-20T06:03:26Z|1151|1|1152|1|1153|0|1154|0|1155|0|1156|1|1157|1|1158|0|1159|0|1160|0
3YO4AH2FPDKLUYKT49T1371J6XP0QD|A3NAQBUBIV489Q|3HFNH7HEMHELRMT78DN5DJJIV6EQGB|2016-02-20T06:09:40Z|2016-02-20T06:10:59Z|1151|1|1152|1|1153|0|1154|0|1155|0|1156|0|1157|0|1158|1|1159|1|1160|0
3YO4AH2FPDKLUYKT49T1371J6XP0QD|A2RPII0OB1PREU|3PZDLQMM0TLRIRBH4G1LRA01I9YC24|2016-02-20T08:25:36Z|2016-02-20T08:31:50Z|1151|1|1152|1|1153|0|1154|0|1155|0|1156|0|1157|0|1158|1|1159|1|1160|0
3YO4AH2FPDKLUYKT49T1371J6XP0QD|A1DM8QQJ95M0N2|3U8YCDAGXPGOGIIMUBY2SRW3PQVQ0J|2016-02-20T10:16:41Z|2016-02-20T10:19:35Z|1151|1|1152|1|1153|0|1154|0|1155|0|1156|0|1157|1|1158|1|1159|1|1160|1
3YO4AH2FPDKLUYKT49T1371J6XP0QD|A2BIB960QFJWZD|3KWTYT08703CKSOAZCWIS0T0WTV5L8|2016-02-20T11:37:08Z|2016-02-20T11:37:39Z|1151|1|1152|1|1153|0|1154|0|1155|0|1156|0|1157|0|1158|0|1159|0|1160|0
3YO4AH2FPDKLUYKT49T1371J6XP0QD|A1VQK8WMO7NIN3|3HYA4D452RJYL3VRVIRMZGL4FO3F2Z|2016-02-20T15:47:39Z|2016-02-20T15:49:19Z|1151|1|1152|1|1153|0|1154|0|1155|0|1156|1|1157|1|1158|1|1159|1|1160|1
3P7QK0GJ3TL140OY6SGSDO628YU2ZT|ASW9RE5GEG0FS|3HPZF4IVNMTHJC4OX18G0E15WCQCYR|2016-02-19T17:08:38Z|2016-02-19T17:09:31Z|1161|0|1162|0|1163|0|1164|1|1165|0|1166|0|1167|1|1168|0|1169|1|1170|1
3P7QK0GJ3TL140OY6SGSDO628YU2ZT|AK7U41KDD6VJQ|3WLEIWSYHOHIZZMXQ8FM21XGUQEH24|2016-02-19T18:45:54Z|2016-02-19T18:46:35Z|1161|0|1162|0|1163|0|1164|1|1165|0|1166|1|1167|1|1168|0|1169|0|1170|0
3P7QK0GJ3TL140OY6SGSDO628YU2ZT|AM00SJL3Q738J|3IRIK4HM3AKF0SUIRIDOHNHCX7HC6L|2016-02-19T23:05:09Z|2016-02-19T23:05:45Z|1161|0|1162|0|1163|0|1164|1|1165|1|1166|0|1167|1|1168|1|1169|0|1170|1
3P7QK0GJ3TL140OY6SGSDO628YU2ZT|A1JVUD5XUB9H48|3S3AMIZX3U5EL19X15L2NTR4EU2DCE|2016-02-19T23:53:57Z|2016-02-19T23:55:49Z|1161|0|1162|0|1163|0|1164|1|1165|0|1166|1|1167|1|1168|1|1169|0|1170|1
3P7QK0GJ3TL140OY6SGSDO628YU2ZT|AMKWR51EXOPA4|32N49TQG3GICM3CL8CP5NK7NE0VVA7|2016-02-20T01:09:27Z|2016-02-20T01:09:55Z|1161|0|1162|0|1163|0|1164|1|1165|1|1166|1|1167|1|1168|1|1169|1|1170|1
3P7QK0GJ3TL140OY6SGSDO628YU2ZT|A3NAQBUBIV489Q|3ZDAD0O1T1D95OGPERH46AU0I36XTL|2016-02-20T05:50:39Z|2016-02-20T05:51:30Z|1161|0|1162|0|1163|0|1164|1|1165|0|1166|0|1167|1|1168|0|1169|0|1170|1
3P7QK0GJ3TL140OY6SGSDO628YU2ZT|ADQ3CT01ITFPT|3ATTHHXXWAOJWA0EKFI0S3SR7M7IX6|2016-02-20T07:05:51Z|2016-02-20T07:06:42Z|1161|0|1162|0|1163|1|1164|1|1165|1|1166|1|1167|1|1168|1|1169|0|1170|1
3P7QK0GJ3TL140OY6SGSDO628YU2ZT|A3FS6G1PEDN3GH|3SPJ03342134RQAU7TP2NIE1N8KYJ3|2016-02-20T10:38:57Z|2016-02-20T10:39:46Z|1161|0|1162|0|1163|1|1164|1|1165|0|1166|1|1167|0|1168|0|1169|1|1170|1
3P7QK0GJ3TL140OY6SGSDO628YU2ZT|A3TSHG5R492EHU|3E47SOBEYQWVTCPJTJMDEQ7I75ECIY|2016-02-20T10:41:46Z|2016-02-20T10:42:12Z|1161|0|1162|0|1163|0|1164|1|1165|0|1166|0|1167|1|1168|1|1169|0|1170|0
3P7QK0GJ3TL140OY6SGSDO628YU2ZT|A2BIB960QFJWZD|3LUY3GC63Z0HYHHRFX4M71GGS9O7PK|2016-02-20T11:20:34Z|2016-02-20T11:21:30Z|1161|0|1162|0|1163|0|1164|1|1165|0|1166|0|1167|1|1168|0|1169|0|1170|0
3P7QK0GJ3TL140OY6SGSDO628YU2ZT|A3QLYZRBCASWI3|3ZPBJO59KP1529KDNXZ3YKOLST3DH0|2016-02-20T13:38:51Z|2016-02-20T13:41:35Z|1161|0|1162|0|1163|0|1164|1|1165|0|1166|0|1167|1|1168|1|1169|0|1170|1
3P7QK0GJ3TL140OY6SGSDO628YU2ZT|AU2HTYCXB1KYK|33SA9F9TRXUSR5T2ERWN55GT7TUWEP|2016-02-20T14:24:18Z|2016-02-20T14:25:13Z|1161|0|1162|0|1163|1|1164|1|1165|0|1166|0|1167|1|1168|1|1169|1|1170|1
3P7QK0GJ3TL140OY6SGSDO628YU2ZT|A395CIDZ1XLAVU|3AZHRG4CU4KW9HCKW0M6FJ3SF1030I|2016-02-20T16:34:36Z|2016-02-20T16:36:27Z|1161|0|1162|0|1163|1|1164|1|1165|0|1166|1|1167|0|1168|0|1169|1|1170|0
3WRKFXQBOB75AVSVZ9Z1MX4HR0MYI8|ASW9RE5GEG0FS|3M1CVSFP605KHVG4MDVVHX8FX0QQA2|2016-02-19T17:13:31Z|2016-02-19T17:14:23Z|1171|0|1172|0|1173|0|1174|0|1175|0|1176|0|1177|0|1178|0|1179|0|1180|0
3WRKFXQBOB75AVSVZ9Z1MX4HR0MYI8|AK7U41KDD6VJQ|33NF62TLXJ297LLD3EOBEAZPOI3KJX|2016-02-19T18:45:05Z|2016-02-19T18:45:34Z|1171|0|1172|0|1173|1|1174|1|1175|1|1176|0|1177|1|1178|0|1179|0|1180|1
3WRKFXQBOB75AVSVZ9Z1MX4HR0MYI8|AM00SJL3Q738J|3M23Y66PO27V79JEO43OWSLUJA4S6W|2016-02-19T23:06:39Z|2016-02-19T23:07:06Z|1171|0|1172|0|1173|0|1174|1|1175|0|1176|0|1177|0|1178|0|1179|0|1180|0
3WRKFXQBOB75AVSVZ9Z1MX4HR0MYI8|A1JVUD5XUB9H48|3QUO65DNQUO1BSHMD5KISTP9P8KUO6|2016-02-20T00:00:29Z|2016-02-20T00:01:22Z|1171|0|1172|0|1173|0|1174|0|1175|0|1176|0|1177|0|1178|0|1179|0|1180|0
3WRKFXQBOB75AVSVZ9Z1MX4HR0MYI8|AMKWR51EXOPA4|3PQ8K71NHXKSUF9NXHY9RXTATPRAAG|2016-02-20T01:04:46Z|2016-02-20T01:05:04Z|1171|0|1172|0|1173|0|1174|0|1175|0|1176|0|1177|0|1178|0|1179|0|1180|1
3WRKFXQBOB75AVSVZ9Z1MX4HR0MYI8|A34V9M2HPI6LGL|3AMYWKA6YBMG9HRLHNMFCNBTMPE6OY|2016-02-20T02:16:13Z|2016-02-20T02:17:11Z|1171|0|1172|0|1173|0|1174|0|1175|1|1176|0|1177|0|1178|0|1179|0|1180|0
3WRKFXQBOB75AVSVZ9Z1MX4HR0MYI8|AJSU6K1MQ28XO|3K5TEWLKGVBRSLVJK0HI4IV6RBEIVI|2016-02-20T05:35:07Z|2016-02-20T05:36:29Z|1171|0|1172|0|1173|0|1174|0|1175|1|1176|0|1177|0|1178|0|1179|0|1180|0
3WRKFXQBOB75AVSVZ9Z1MX4HR0MYI8|A3NAQBUBIV489Q|33CKWXB73JK063JN5FCN5V74L5011O|2016-02-20T05:49:35Z|2016-02-20T05:50:39Z|1171|0|1172|0|1173|0|1174|0|1175|1|1176|0|1177|0|1178|0|1179|0|1180|1
3WRKFXQBOB75AVSVZ9Z1MX4HR0MYI8|ADQ3CT01ITFPT|317HQ483I7SEKGMAI9VRU11T58XINM|2016-02-20T07:05:13Z|2016-02-20T07:05:51Z|1171|0|1172|0|1173|0|1174|0|1175|0|1176|0|1177|0|1178|0|1179|0|1180|0
3WRKFXQBOB75AVSVZ9Z1MX4HR0MYI8|AQP74RCFA4CF8|3LYA37P8IQN3P2N1FMBUGMGDHOGKBN|2016-02-20T07:51:03Z|2016-02-20T07:52:19Z|1171|0|1172|1|1173|0|1174|0|1175|1|1176|0|1177|0|1178|0|1179|0|1180|1
3WRKFXQBOB75AVSVZ9Z1MX4HR0MYI8|A2RPII0OB1PREU|3QY5DC2MXRK75F4TE21S5ZGWYD9FU0|2016-02-20T08:22:21Z|2016-02-20T08:23:49Z|1171|0|1172|0|1173|0|1174|0|1175|0|1176|0|1177|0|1178|0|1179|0|1180|0
3WRKFXQBOB75AVSVZ9Z1MX4HR0MYI8|A2DIM099APN6L7|3LKC68YZ3A3E3W6R85ZJAHA7BU0WOR|2016-02-20T11:17:58Z|2016-02-20T11:19:23Z|1171|0|1172|1|1173|0|1174|0|1175|0|1176|0|1177|0|1178|0|1179|0|1180|0
3WRKFXQBOB75AVSVZ9Z1MX4HR0MYI8|A2BIB960QFJWZD|3483FV8BEEJ22A2GUPOI5A8RMOF26W|2016-02-20T11:34:33Z|2016-02-20T11:34:59Z|1171|0|1172|0|1173|0|1174|0|1175|0|1176|0|1177|0|1178|0|1179|0|1180|0
3ODOP6T3ASKL1309LZQ2JSTT73Q24G|AK7U41KDD6VJQ|386CSBG1OZMJUT41W0EJ1S6T1IAQ6O|2016-02-19T18:42:37Z|2016-02-19T18:44:07Z|1181|0|1182|0|1183|0|1184|1|1185|1|1186|1|1187|0|1188|0|1189|0|1190|0
3ODOP6T3ASKL1309LZQ2JSTT73Q24G|A1JVUD5XUB9H48|3KV0LJBBH2LLVX4TWVA0VEDKNA0MRG|2016-02-20T00:56:43Z|2016-02-20T00:57:40Z|1181|0|1182|1|1183|0|1184|0|1185|1|1186|0|1187|0|1188|0|1189|1|1190|0
3ODOP6T3ASKL1309LZQ2JSTT73Q24G|AMKWR51EXOPA4|3RWE2M8QWHA3DL5UEJ6LOX1XJAC0NX|2016-02-20T00:59:43Z|2016-02-20T01:00:04Z|1181|0|1182|0|1183|0|1184|0|1185|0|1186|0|1187|0|1188|0|1189|0|1190|0
3ODOP6T3ASKL1309LZQ2JSTT73Q24G|AM5XW4DZLA6OC|36U2A8VAG1ZZ2AGCPEPEOXED1WBYKO|2016-02-20T06:04:45Z|2016-02-20T06:06:02Z|1181|1|1182|0|1183|1|1184|0|1185|1|1186|0|1187|0|1188|0|1189|0|1190|1
3ODOP6T3ASKL1309LZQ2JSTT73Q24G|ADQ3CT01ITFPT|3I3WADAZ9Q4KQDR7C4CAKHXTQWU5OC|2016-02-20T06:58:26Z|2016-02-20T06:59:30Z|1181|1|1182|0|1183|1|1184|1|1185|1|1186|1|1187|0|1188|0|1189|0|1190|1
3ODOP6T3ASKL1309LZQ2JSTT73Q24G|A3FS6G1PEDN3GH|3YMTUJH0DSGI7MSFUGFZ9ZX3Q97T4D|2016-02-20T09:56:37Z|2016-02-20T09:58:00Z|1181|1|1182|0|1183|1|1184|0|1185|1|1186|1|1187|0|1188|0|1189|0|1190|1
3ODOP6T3ASKL1309LZQ2JSTT73Q24G|A2BIB960QFJWZD|3MTMREQS4VIP1SCQYMU19MQ2MDWAW6|2016-02-20T11:16:30Z|2016-02-20T11:18:00Z|1181|0|1182|0|1183|0|1184|0|1185|0|1186|0|1187|0|1188|0|1189|0|1190|1
3ODOP6T3ASKL1309LZQ2JSTT73Q24G|A2HK2CV0Z4CW4U|3D4CH1LGEATFZNCLRBCJROTUMAW9G5|2016-02-20T16:26:35Z|2016-02-20T16:27:00Z|1181|1|1182|0|1183|0|1184|0|1185|0|1186|0|1187|0|1188|0|1189|0|1190|0
3S8APUMBJXJPNWXUO9FWBPTOQZCFBJ|ASW9RE5GEG0FS|33C7UALJVLYIH33840L2K5UCZ0V18B|2016-02-19T17:04:59Z|2016-02-19T17:06:35Z|1191|0|1192|0|1193|0|1194|1|1195|1|1196|1|1197|0|1198|1|1199|0|1200|1
3S8APUMBJXJPNWXUO9FWBPTOQZCFBJ|A1QXW6HGZCSSNV|3J88R45B2GYBDWNIXA8K10T3TQAPXD|2016-02-19T18:14:34Z|2016-02-19T18:15:15Z|1191|0|1192|0|1193|1|1194|1|1195|1|1196|1|1197|0|1198|1|1199|0|1200|1
3S8APUMBJXJPNWXUO9FWBPTOQZCFBJ|AK7U41KDD6VJQ|3EA3QWIZ4IVCFTRUF5H3307LUG6TI1|2016-02-19T18:47:57Z|2016-02-19T18:48:37Z|1191|0|1192|1|1193|0|1194|0|1195|1|1196|0|1197|1|1198|1|1199|0|1200|0
3S8APUMBJXJPNWXUO9FWBPTOQZCFBJ|A1TS1VZKN0YLMZ|3KGTPGBS6XLN4LSHQ7MLLGM6O35U2H|2016-02-19T23:32:12Z|2016-02-19T23:33:22Z|1191|0|1192|0|1193|0|1194|1|1195|1|1196|0|1197|0|1198|1|1199|0|1200|1
3S8APUMBJXJPNWXUO9FWBPTOQZCFBJ|A1JVUD5XUB9H48|31N2WW6R9RQN6LRAZI5RIQQVKUXF3L|2016-02-19T23:42:12Z|2016-02-19T23:48:27Z|1191|0|1192|0|1193|0|1194|1|1195|1|1196|1|1197|0|1198|1|1199|0|1200|0
3S8APUMBJXJPNWXUO9FWBPTOQZCFBJ|AWHCA5PZ6MTKB|3RYC5T2D73TRG016OB2SCI7FSF0RP6|2016-02-20T00:39:52Z|2016-02-20T00:40:43Z|1191|0|1192|0|1193|0|1194|1|1195|1|1196|1|1197|0|1198|1|1199|0|1200|1
3S8APUMBJXJPNWXUO9FWBPTOQZCFBJ|A3AO2N7BNFDGF3|38F71OA9GTWOS7ZK50A6EPZ1KMRMFN|2016-02-20T01:00:20Z|2016-02-20T01:00:49Z|1191|0|1192|0|1193|0|1194|1|1195|1|1196|1|1197|0|1198|1|1199|0|1200|1
3S8APUMBJXJPNWXUO9FWBPTOQZCFBJ|ADQ3CT01ITFPT|32N49TQG3GICM3CL8CP5NK7NE03AVU|2016-02-20T01:21:42Z|2016-02-20T01:22:33Z|1191|0|1192|0|1193|0|1194|1|1195|1|1196|1|1197|0|1198|1|1199|0|1200|0
3S8APUMBJXJPNWXUO9FWBPTOQZCFBJ|AMKWR51EXOPA4|3MX2NQ3YC9U7KM5ZDVZ63UOM2XT5X5|2016-02-20T01:50:42Z|2016-02-20T01:58:14Z|1191|0|1192|0|1193|0|1194|0|1195|1|1196|1|1197|1|1198|1|1199|1|1200|0
3S8APUMBJXJPNWXUO9FWBPTOQZCFBJ|AM6RXZEET0140|3WSELTNVR32X9B8W3HPQM2J2HIRTA7|2016-02-20T05:28:06Z|2016-02-20T05:28:42Z|1191|0|1192|0|1193|1|1194|1|1195|1|1196|1|1197|0|1198|1|1199|0|1200|1
3S8APUMBJXJPNWXUO9FWBPTOQZCFBJ|A3NAQBUBIV489Q|36W0OB37HWE85AP9FFO0PC7NF99HZS|2016-02-20T05:52:33Z|2016-02-20T05:53:46Z|1191|0|1192|1|1193|0|1194|1|1195|1|1196|1|1197|0|1198|1|1199|0|1200|0
3S8APUMBJXJPNWXUO9FWBPTOQZCFBJ|AM5XW4DZLA6OC|3EA3QWIZ4IVCFTRUF5H3307LUQ6ITA|2016-02-20T06:12:40Z|2016-02-20T06:13:55Z|1191|0|1192|0|1193|1|1194|1|1195|1|1196|1|1197|0|1198|1|1199|0|1200|1
3S8APUMBJXJPNWXUO9FWBPTOQZCFBJ|A2BIB960QFJWZD|3TE3O857308VOT00MDRGG5ZNIBS2RT|2016-02-20T11:32:36Z|2016-02-20T11:33:09Z|1191|0|1192|0|1193|0|1194|0|1195|1|1196|0|1197|0|1198|0|1199|0|1200|0
3S8APUMBJXJPNWXUO9FWBPTOQZCFBJ|A3QLYZRBCASWI3|3L70J4KAZGMQSMCZHRPBHY1HFYGDAS|2016-02-20T13:50:32Z|2016-02-20T13:52:08Z|1191|0|1192|0|1193|0|1194|0|1195|1|1196|1|1197|0|1198|1|1199|0|1200|0
3S8APUMBJXJPNWXUO9FWBPTOQZCFBJ|A1EIT99M9WK8Y0|378XPAWRUCD70XSL95QM8VHU74LIAY|2016-02-20T15:39:33Z|2016-02-20T15:41:04Z|1191|0|1192|0|1193|0|1194|1|1195|1|1196|1|1197|0|1198|1|1199|0|1200|0
3S8APUMBJXJPNWXUO9FWBPTOQZCFBJ|A1VQK8WMO7NIN3|3CFVK00FWLL83WOO4V6NK670SPQ6LB|2016-02-20T15:44:09Z|2016-02-20T15:45:59Z|1191|0|1192|0|1193|0|1194|1|1195|1|1196|1|1197|0|1198|1|1199|0|1200|0
